1362 1813
847 6526
917 8299
2067 2081
414 9583
1852 9500
1498 63
143 515
668 2559
5953 948
2809 173
6083 1424
7494 2378
828 4355
1148 9696
1643 6611
941 5177
7850 3434
1070 2805
4260 2021
8966 6074
708 5802
1452 9267
1162 776
928 630
4370 8101
3123 7249
3605 1912
5319 6234
2990 3392
1116 3369
137 9256
754 2711
699 3405
5003 9965
1673 5995
988 5486
2216 3323
9603 9777
814 5729
8545 4197
5136 7435
1012 4269
5323 563
1210 3476
4930 9719
3811 2782
2029 4452
1473 2241
622 6522
2254 8765
133 3012
888 883
2723 1067
769 7556
2439 4016
4139 2663
321 1838
3016 2218
1706 8586
783 5528
3654 4970
5520 3334
7782 1283
7860 6763
6676 2586
1233 4501
6458 5022
6938 5289
5853 3137
843 1710
1026 7722
956 3315
1255 5733
6646 1234
7194 5977
89 6703
3485 6869
2959 5312
65 3905
2393 7306
4989 3507
1853 6669
2505 5613
3594 2956
2546 1905
233 5277
5562 6094
2446 4188
2941 2976
63 2354
589 4719
4056 2501
595 2703
174 828
2639 2589
1197 5794
4984 9891
2258 3627
9123 2683
1582 6368
3407 2729
405 9649
983 2105
564 1576
651 6243
3893 1850
2520 6514
2238 7516
1341 2403
1495 5591
875 3599
5009 2099
9650 4221
2078 9019
1038 5969
1087 3841
342 2161
2411 8400
4297 5302
5622 5022
3189 6423
3220 4102
4820 3510
2528 1947
102 657
136 2968
6815 2287
103 4781
2008 3799
2245 354
2523 8131
1434 5287
4529 7333
802 4639
3033 2454
9170 4811
4903 1102
1624 1274
5417 2178
4577 6182
3060 7301
45 9152
370 5637
1015 5872
2875 3196
3343 860
3273 527
4619 1721
3291 9797
5492 3534
8895 3844
2771 5866
2900 628
2480 6687
5606 2582
2262 6338
9363 8173
7151 4839
7092 6183
6445 8857
1628 5762
113 1783
3308 3192
1133 8385
1937 54
1354 2283
2248 5076
3339 6406
3108 3912
1541 4397
3030 3664
6386 446
2083 1169
1486 2710
3118 349
5854 3821
61 3732
240 1052
3673 6066
378 7829
8800 3429
7148 9739
6167 6482
994 5158
990 6889
3927 7195
1275 6067
2355 9031
893 1800
1715 6743
245 1687
1561 9018
9378 7202
4930 3190
7738 7925
712 906
5325 9432
366 9811
1916 9553
500 1658
9940 3194
3358 8601
6824 6102
1534 2121
286 5332
8777 1946
2990 5376
2033 7478
4257 9188
1187 1178
968 1744
5350 6317
1844 6161
5061 2894
3862 7304
1164 4401
603 9163
2030 8804
1215 5528
1954 605
5817 5870
3249 9341
246 5439
249 1121
4480 4267
5000 8862
3952 2569
3269 3627
9648 8095
2316 3453
1703 7301
3588 6569
239 968
198 4401
3610 1926
5060 9821
1041 5748
1679 3475
300 6085
5804 8934
531 4333
3939 9935
7489 3168
881 8103
606 5571
3599 7018
3635 6992
1190 361
5149 6900
5170 1688
4255 2612
621 2248
3029 1129
1245 4265
7633 3649
390 8823
2192 2916
96 7113
397 6173
6964 2944
301 2460
5869 3679
267 8899
2873 6914
497 1283
484 1916
596 5218
4399 9013
1945 7998
790 6473
1476 6375
1001 4895
1478 3416
5572 6903
3363 2646
2083 5995
4105 5273
1870 7254
4169 338
6508 2214
2388 4262
8585 5686
4728 8129
1847 870
4471 2447
5515 4025
534 5403
2112 2189
2335 5589
843 8097
8102 8726
1076 9932
1166 4136
5768 3695
9955 3941
4725 6277
390 8362
397 300
1085 3806
254 5712
3370 8342
2933 3291
3648 416
3983 8833
2761 7360
1674 9015
757 856
641 5683
9057 42
4879 8085
231 1184
9984 3114
3688 3294
1364 9058
8487 3690
1047 5880
1775 4803
4982 8887
8518 5125
6664 9775
1352 9914
322 1151
1029 3204
1699 3285
2158 5654
511 2460
7803 3384
6856 731
6107 6106
6732 271
344 1914
171 9856
1795 1091
1704 4435
3547 7370
443 9132
6926 6504
2525 5430
1884 1627
5815 3541
7417 2821
393 7303
6300 9549
1111 1968
51 6741
1859 6144
5886 6856
7858 9972
165 2074
9972 8063
4558 1378
2066 1685
562 9907
2973 6111
8746 8495
4724 3661
7621 6066
7837 9967
9112 2495
1354 3300
309 4717
4436 5490
848 4319
67 2755
2139 7044
623 9026
7001 5863
234 2548
364 5474
330 642
8 120
4276 230
677 8930
893 681
2019 6423
305 7613
1890 9297
6321 9679
383 4290
2530 1013
5396 8909
8430 5685
2486 7293
4817 7683
7216 2840
380 8293
216 335
995 3770
2264 2903
1192 1311
481 8326
4866 5020
548 2400
9869 2692
3579 7091
620 9273
199 8594
5690 2903
7625 2711
3663 4989
514 2633
3040 6819
4107 7571
5984 9057
3110 8446
2527 5882
747 1285
3691 8309
110 3001
2235 6128
727 4271
4743 5278
997 6431
2517 6011
2403 7207
3092 1399
2050 8402
671 7158
7926 8933
1439 9346
802 3396
2261 1200
329 4459
6567 424
2161 9501
1454 1820
6523 4839
5519 2156
4341 8275
8026 7222
890 668
8407 4316
1330 461
466 9817
416 5365
1062 8329
4630 8020
5440 648
2844 6711
3849 3431
844 4395
7608 9041
4956 7465
54 4692
2567 1869
1575 4382
2369 1757
239 9027
2220 2694
1250 779
2797 4558
1567 1295
193 5790
4053 8599
2147 4924
8098 2248
860 5124
1089 4915
2652 5762
111 1688
5242 1983
597 5760
5570 8203
4353 2436
807 5615
4765 7223
829 8377
4338 1009
1302 5962
398 6548
5996 4281
4079 1389
3284 2896
4617 6245
3483 3559
9967 4125
5238 7271
6707 5345
1407 889
9040 372
2060 8088
677 6889
9262 2057
154 6999
3355 2304
1317 4679
4576 1758
400 664
8716 4820
2033 7203
1651 900
3586 5471
2643 7693
530 4730
583 5599
9027 6557
6225 9706
6976 8323
4498 5744
853 9057
9455 9695
1355 3730
2202 8345
1226 5241
2214 1035
5445 1814
959 4302
3784 1324
279 9771
3254 9797
9462 6226
12 1523
67 9420
323 1024
2264 2997
657 4566
5433 8861
7432 3588
1425 2012
1146 9063
3500 9566
2400 779
3472 2143
1129 307
909 6862
1834 4461
2720 910
281 3372
94 1292
8264 3385
2275 4209
2484 5888
3971 5001
6997 415
720 5199
6944 7980
187 8706
1688 4423
1467 3192
209 2823
1370 6014
327 5558
3403 1464
1866 8447
1156 9584
512 397
4382 4036
2154 9136
854 3586
166 143
1344 8345
1305 7377
7377 9408
2673 8710
556 3916
6057 5921
1012 26
4415 5397
5443 3725
1634 4563
1981 5818
1146 5391
6114 9726
9688 6526
7268 8934
5506 71
509 6673
808 9862
1650 338
4096 8605
2419 7305
362 8699
3778 5697
1620 388
1059 3594
1546 1582
570 9393
8065 8766
400 9264
9398 4212
140 4346
2452 6347
475 2225
2154 3360
528 9454
626 5003
6076 6299
3324 6557
267 1268
988 7556
2505 1158
970 6747
1051 1405
1628 8980
1030 1877
2677 245
572 9543
1758 9355
2495 6216
2972 8718
334 8503
1518 6926
1623 9338
1713 7183
538 8698
4996 7166
384 2588
363 3041
5142 7132
8148 9045
532 3522
7947 2043
2063 9454
6298 6458
2228 3941
298 9922
2549 8702
3190 708
962 1156
2748 7406
2697 339
100 216
5647 6002
1957 1716
6008 8331
7276 7466
9207 8882
1320 496
1825 153
5045 217
6296 7808
8157 2363
5613 5494
8132 3791
7208 2436
4369 9916
3956 5039
2338 6459
1981 5073
1225 8781
8146 6295
3973 5018
1812 9679
495 7899
426 6268
434 630
4008 1323
4871 5633
1045 7973
3744 5785
897 7401
6953 1318
1110 80
3263 2620
2218 494
6613 5300
3168 4989
6953 2927
3754 5881
3455 4812
5270 3060
1644 7666
4592 2617
7984 3476
6066 7718
1344 4035
2310 6719
4925 1964
6133 7566
5241 7525
6971 9847
2141 3120
4715 2391
5136 1272
6323 1253
4077 3392
3634 7459
2745 1057
1598 8785
1231 3194
3041 7375
71 9297
2300 8190
1291 7938
1696 5823
4171 3246
5641 8905
5637 5445
1880 7483
7013 4572
59 6598
5786 9588
2068 9093
6556 1758
1717 1739
1325 2497
9251 6762
1801 8229
3247 4267
680 5723
5825 3810
68 272
2030 2316
28 2539
1045 6914
385 9320
2565 3704
906 4255
1248 5075
102 2904
3063 109
6343 2983
6270 4319
850 7144
3660 3171
5469 3042
1998 7483
961 5909
68 1365
4709 5628
1901 1121
273 3449
2682 8731
5267 5339
1092 3377
2549 57
5601 505
1742 7969
391 4153
6600 4215
1339 6363
1512 8148
2967 9797
6037 2804
3086 6239
1836 5548
1787 4687
2100 1673
3893 953
2093 7348
1228 3496
6763 5475
164 3628
4014 1571
1197 3826
3456 1239
392 5589
3995 6193
3917 7701
5083 7667
4669 7342
857 5286
1217 182
1514 8106
5716 362
3392 8933
230 9267
1496 7517
5963 8283
169 5447
1359 5641
4084 2029
9697 7116
1648 3513
691 3137
2702 3893
4064 7725
4912 1125
1504 3427
9773 9732
5034 4741
1398 5001
2470 9438
5947 1992
1273 7282
1699 3523
232 1501
636 3289
9413 7466
6426 2999
3657 4189
2021 7571
1549 7469
3578 5110
5370 7520
3348 8753
5690 4897
724 7939
1795 8938
1545 2962
2296 159
1665 1187
66 8175
4437 3827
1263 3311
2756 9099
833 4423
484 5249
1976 3478
8924 721
2225 6934
8212 3171
286 363
2671 232
6578 4839
4562 1696
2408 8695
1037 3972
4417 9373
8214 4492
7229 5486
2511 8125
3340 7067
6110 5930
9460 3676
2498 2867
692 8704
38 9677
1107 8463
344 1266
307 5208
6199 7412
3897 4117
3840 297
2438 6512
1208 7315
6106 5623
4169 9618
7111 8217
8888 4732
1944 5419
2758 6959
1532 2990
279 233
4865 698
7204 4209
565 2602
3130 9616
5137 3219
3289 6454
4772 6585
3097 1864
259 3101
2823 9898
763 7995
943 4355
4496 818
6463 1577
145 779
110 5153
2131 7121
5809 8681
452 7797
1716 8563
50 5898
1534 2273
4031 6845
7468 5733
689 8591
1664 1797
2569 669
2949 2099
246 1489
2387 3330
2516 1777
823 5338
4189 8066
744 6921
6390 5498
757 9200
821 1187
6661 9816
51 9081
797 5236
7380 3380
928 6555
9868 6382
3179 4946
755 9797
746 3693
2182 9838
1317 6985
3411 9295
2420 279
4921 8243
1898 6852
3248 8393
1932 8512
518 4103
3664 8026
1952 6544
2085 7701
1610 3454
1438 21
1086 9559
2796 1399
358 8793
6578 4422
510 6768
6805 7198
2715 9491
925 5095
3968 7985
1039 81
362 989
6186 6388
5750 6755
6204 7522
7072 9883
1661 2009
830 7571
3107 9048
6265 5998
356 3434
7226 7132
1227 2372
3806 5818
2894 1698
1087 6198
2985 7096
128 1898
62 6765
1318 2854
4191 6534
9736 8002
9533 9044
2406 4521
2181 1421
6746 1371
3146 748
2501 5125
36 8726
256 8843
474 1464
5246 8026
180 5895
160 8966
4142 39
2977 3513
867 721
6588 6079
694 4844
975 947
6030 6669
2860 9845
220 3774
308 7432
278 8124
1240 7761
142 8665
3311 9273
2264 8766
154 9662
6070 3835
483 3841
5655 6662
2042 2225
547 7361
8684 6269
1358 836
9345 1291
175 6807
8246 7033
1068 6300
7034 9356
607 6312
1731 981
8992 169
7308 628
2083 4499
8050 1700
1677 2287
6141 7945
509 7520
4438 7135
5419 3756
4079 9825
3125 623
1658 913
3308 9484
1049 3253
529 8270
2207 5278
9885 9757
2129 1449
1215 6863
3159 5730
4529 4574
5178 3468
385 6449
1417 906
417 1466
7658 3253
2475 4721
6963 53
793 9856
788 6217
1757 9566
5037 5647
2546 6742
8901 2740
5817 3071
4224 5001
1801 9516
3263 2993
1748 9051
4292 616
8607 3740
5900 4618
1810 6371
507 9014
149 7985
8256 8117
1531 4609
7005 8661
2151 9468
6274 8166
1291 8371
5229 3655
38 3292
5727 8329
545 7406
3705 9761
4191 9845
226 3786
6380 9492
2304 6236
2043 5582
363 2423
519 3743
3981 948
2535 4931
1928 7608
1336 7059
331 7224
7589 1533
720 628
6990 8039
2113 3060
215 8758
7575 9247
6827 1906
7495 4594
5829 1441
255 3676
2685 2300
1286 6433
1197 2002
7749 6206
1875 5934
1152 9680
762 3037
6685 8523
7311 2473
6039 5869
2499 2958
3473 6944
3514 5896
3460 7514
1840 4297
7478 4559
9 7189
663 2450
5922 5462
3397 2411
2162 9069
4113 7018
8872 6776
4114 5279
7758 3562
820 5399
1722 6992
685 1896
4364 8851
6630 4192
3890 8845
1377 1377
3774 4460
1553 7290
6581 2643
2450 3351
4110 5494
1098 3774
827 4008
1517 346
3446 4895
5537 6531
9777 7043
264 4028
134 4599
542 4226
3065 5632
3756 2569
1353 9166
1024 3396
3091 8461
1359 6056
850 9862
634 5516
6913 4362
346 8720
1347 1138
1657 465
779 3104
9187 1541
4141 1920
5745 2682
142 9383
2964 4451
8562 7385
1154 3551
2659 2355
1733 8053
873 8540
2568 8782
8111 637
7008 1407
850 8560
172 5042
7042 271
7716 865
4142 6589
153 4930
4410 7622
376 359
1300 9787
6210 769
610 9292
3733 4097
322 8333
22 3646
2039 8921
590 8172
3783 5930
3002 6248
3353 5114
1423 6997
76 1688
1038 7050
2781 6034
1401 8902
1444 2491
1045 5377
486 5261
720 397
939 4598
54 8326
670 7372
1843 3385
1765 5391
2812 225
954 7612
2518 7689
5836 7809
1878 7354
1515 2686
1693 1365
4698 4264
2802 3969
6914 6830
1101 8717
6334 8321
4158 246
4844 9775
7464 1915
3460 6288
512 7193
3260 5625
1019 5724
12 3774
1782 5810
491 1850
2623 9992
1507 1463
3819 3510
2992 3326
3916 821
8168 2854
5217 1250
1581 3269
1239 2927
584 6112
297 3139
7223 7417
2428 1632
201 5825
6366 9655
9475 2318
1334 6236
1662 8679
3713 7839
2367 6133
2053 8493
480 9832
179 8430
3229 9867
288 4529
3409 5599
5049 3699
1907 8045
3040 5919
1584 6526
1658 8793
4598 8540
4807 2035
2647 9736
7159 568
2924 5331
142 3767
8231 7976
7004 3613
1149 2620
242 25
58 838
4632 3552
2267 6151
7022 6803
2762 6283
6439 3912
8402 5373
434 3589
233 2816
7174 4743
1622 3955
8714 1447
4854 1356
4728 5575
3936 2184
1964 5417
6544 6508
2808 2855
9227 3443
6399 3417
7807 2629
3855 9662
5412 122
1780 8261
722 2471
1622 4780
2796 3017
277 408
9117 6234
3683 675
249 592
4344 9339
2114 7185
156 8915
3699 915
4929 3695
3789 1400
580 1286
3243 6152
245 842
3465 4813
4476 6347
957 6943
2697 5154
7683 3945
1111 1191
1159 3967
6911 3853
1122 6699
2021 1113
8609 9359
531 7537
676 8198
5167 7980
3242 9370
3512 5928
6228 8556
438 729
1250 1542
3031 8266
5111 7424
2198 6156
8025 6107
7985 6900
1935 1882
2266 6693
730 5049
823 1431
1126 3365
3417 5184
3463 5116
583 857
1823 5382
1037 2002
521 7761
5270 3614
509 7618
7703 61
4485 6684
2555 776
7555 9064
6439 7094
1330 2837
3595 8945
4404 7947
2460 9348
220 4368
309 3699
2188 6189
8179 5628
449 4065
3571 1419
554 9631
6914 1074
7110 3650
5326 3421
3914 4042
4244 1024
3218 2527
960 8835
710 2383
3682 7609
2050 8101
118 6475
2424 2589
3236 3501
6805 6926
881 8695
658 4717
4289 2407
4146 8231
4098 9469
4747 4278
445 4129
5077 1678
3767 4344
219 9926
5603 3897
4040 845
1706 4580
1333 8974
2335 8911
3471 3295
925 3481
1329 6545
174 9104
3673 7399
3961 5850
719 8728
3133 6908
9584 4392
1008 9916
5283 3962
4340 7117
509 4634
6675 4705
6953 4818
943 26
8128 1210
1430 1777
5417 8752
1689 119
927 8575
1271 1815
303 1411
5872 5856
7176 6462
4093 6515
8287 1598
150 4207
2860 3614
3191 4188
4204 8274
1370 7980
2883 8903
373 7458
8432 291
852 7391
1781 9608
2650 3430
2422 9845
1948 6013
1437 9211
2812 35
337 8281
1581 1376
868 2683
294 4135
1924 1608
1920 7298
7640 4996
3911 9950
2499 6013
9732 7206
1173 1442
362 8161
941 4940
2278 5237
41 6603
812 3014
1514 9618
2508 4971
4807 8783
5301 8568
1584 3554
2290 7927
1748 7085
182 1860
8158 3074
1367 7304
1505 1266
3084 8603
8641 6958
4595 5606
2366 3507
6312 4012
8625 7985
5626 7338
6203 8808
6292 7429
9390 9640
4313 9101
731 3156
1987 8227
2447 8967
6213 551
9308 7217
7178 1436
1640 524
1112 4448
7038 2893
5314 4629
1804 5888
8193 3080
4930 9586
1656 9494
3460 3464
909 9447
1541 2571
9445 3554
3948 9045
1733 8485
961 3907
1339 8278
588 6887
723 7574
2692 2695
2183 114
9931 1444
245 9338
5595 581
4024 3783
192 127
6276 8247
6596 9246
1871 9949
7974 3459
21 3646
3797 6971
4634 2929
4818 7756
1276 3303
2258 2771
7756 5525
2227 886
35 7258
2409 4375
68 1234
1522 6493
1604 3175
7476 7069
1514 4089
4535 8270
23 6700
9169 2315
992 9425
693 2979
3490 5039
8286 694
8210 9058
2947 2986
6056 9942
2784 8476
1019 7502
3306 3165
6393 7838
9228 8408
175 2823
9230 3349
3857 293
3894 1085
3989 9519
5031 9083
7425 5496
3398 8487
4150 988
4017 3275
4327 3291
419 6722
4500 100
9291 4634
5210 4741
2100 134
1496 8382
1326 2082
257 4378
1801 542
1770 1582
503 9542
2191 7679
1974 2412
8785 4759
2892 7968
5544 579
4040 8900
2395 7828
2941 1847
7775 4265
5450 8766
1123 7216
841 6313
460 2337
1209 8398
8979 3200
5392 9350
2790 7401
4548 1253
1663 5970
3386 5265
1186 3452
410 5019
7045 1887
2712 5675
1116 9426
1660 1732
5075 508
2418 2378
1369 5109
199 486
685 1160
663 561
1704 3350
168 555
583 6382
585 561
6778 1764
2759 4401
1205 5418
4494 3377
3217 7536
6049 8631
2392 5255
1904 8586
7141 6388
2875 2937
3957 20
5126 6847
291 6654
4170 4451
5661 1411
7887 9337
882 5694
335 8180
488 3349
2380 3837
1090 1332
504 4005
5525 7196
866 3134
4410 1801
2696 8421
141 9203
517 4899
3896 3971
6945 9683
2142 7202
2779 7808
2698 5768
4550 3636
910 6823
293 3658
1152 2263
3846 2358
650 3611
6074 7411
2287 1132
5077 1627
1140 403
102 5989
1179 8446
105 7145
900 9332
8006 6681
1973 7001
1817 7681
8447 378
4599 2941
1846 614
212 3518
2950 7567
5151 7826
7389 5580
3399 8061
246 2148
6324 9146
3094 9563
312 5914
8435 2840
67 6268
2786 2925
670 2633
4554 965
6091 1544
1941 8169
2479 2976
7054 3616
2463 5582
6080 2491
134 2806
253 1957
9889 6683
1439 3825
3947 4760
3064 9514
5301 4397
4345 9716
1183 5596
6177 7052
2600 3736
9755 895
2147 4635
2613 1269
4759 5563
3700 8776
9333 7756
5603 2127
2413 9001
8566 4696
80 9170
7333 8005
1189 8044
4967 8783
7063 4300
5394 3806
9425 5745
7036 8274
202 125
720 3239
456 986
9108 9577
4361 3447
2401 7220
3355 9659
4444 6900
278 8670
5756 5460
1112 4307
4022 2030
4594 176
1615 7557
9042 6306
4747 5846
1169 5216
3358 3155
2057 1217
3300 8635
4782 1025
9379 1572
6377 2186
3329 300
2244 1377
3514 4036
4452 7627
1185 1599
1421 2178
465 8625
2733 1295
3935 3619
983 2472
1674 7298
1916 9670
6675 5810
443 5001
3701 7016
1926 747
678 9555
7319 1354
3089 7353
5112 9965
108 1772
3396 8363
1424 85
500 1943
1576 3029
2407 9373
1 9020
9278 4438
1123 51
6218 5252
1207 4772
3166 7246
2587 3233
4697 8322
2882 3421
2862 4937
648 538
1626 7143
2913 6106
4652 9368
4535 1512
7558 2640
9366 644
6016 3468
1807 3253
3822 352
59 607
1409 3946
8424 9183
283 387
4010 6462
2384 4142
1564 6290
2535 3394
18 1488
777 1304
1059 2395
5546 7902
1166 3312
1807 8674
6272 7228
5356 8299
2342 1160
5015 2681
149 1532
5331 7616
5019 7927
1866 4046
1754 3690
1850 7204
1106 5221
1614 2231
6763 4366
5240 5813
3792 2495
1121 6235
38 428
2649 2397
2293 7617
7832 40
2576 3666
1818 5548
1590 7522
2277 6935
2997 201
36 6144
5638 180
3513 8129
4780 1596
2372 4301
2449 6844
1096 9321
6387 8215
1701 5942
1418 8125
4604 3089
3053 3146
1443 2296
1869 3690
8788 1181
32 5067
3341 3508
7229 1519
2888 4579
1208 4042
867 458
153 7053
1637 6450
8743 3016
3613 5018
1031 4476
2028 1749
2820 7464
539 706
4007 9430
9405 7968
6182 6795
2445 6941
3137 3216
2053 9267
2137 8264
2469 2350
3873 2544
2298 2262
4049 5521
1185 4965
1832 6202
6240 3346
5134 4977
1217 232
564 5855
2149 4528
5765 1749
2815 1745
2328 3057
6325 2901
5660 2661
4209 7170
13 6262
5931 2497
876 3555
4587 7232
1460 4468
2519 4327
170 3626
7106 5447
1838 1392
4957 9964
3828 7138
2658 9543
1876 4448
4516 5322
2162 9403
5077 5827
4156 2460
89 537
1450 7325
8413 9118
4724 2253
2905 7408
627 2383
3515 3746
65 8131
3023 5184
2343 5492
2520 7616
804 4346
6430 991
816 480
4291 1633
677 6333
2373 7277
1043 9007
2469 1605
1583 40
6528 8271
6310 4802
35 9325
941 842
1882 8079
248 1297
2583 7604
4856 5711
267 7185
4873 7410
474 7994
4415 4054
9913 8825
5825 7516
2268 184
2399 6792
3147 4315
1330 6468
2825 5522
8721 5936
3557 1121
686 8684
3311 8255
2423 1599
2048 620
25 7764
650 37
263 4447
30 1894
986 3567
644 9558
2178 729
495 6671
3578 9754
1269 3088
5128 6019
1399 9256
4320 6514
5244 7095
2390 1810
3546 4368
3825 4929
2340 5750
2415 6124
3300 6314
5624 1101
345 8054
5915 9594
2800 3034
8749 3849
554 5591
8286 8645
4922 5810
1548 5744
3825 2354
1672 6397
9694 5995
360 8218
4039 2944
4154 6018
181 6084
788 8483
2199 2480
3225 8221
6597 8229
664 7899
1758 7477
132 1591
5302 906
428 3239
1077 24
9806 7856
175 6861
6117 5914
8301 6265
2166 786
491 3335
2186 7428
6335 9162
1370 5772
1483 5105
750 5664
1421 3850
1912 3704
416 5677
9210 5755
3399 7527
16 4813
6609 101
9709 6945
3298 747
228 6049
7721 7684
2363 7053
5649 200
4123 2654
2095 7246
4189 9624
8682 7788
1022 3775
7396 36
505 3822
4184 8580
3192 1516
2791 4632
1122 1087
2580 2599
2661 5169
856 1921
4239 4891
767 3616
2771 1710
2274 2505
2876 7268
4291 1285
2640 8153
271 7757
1590 8518
3837 1337
990 3779
65 3269
333 8328
786 6825
2963 3299
3458 471
3114 1814
883 8987
1882 1492
473 2999
5760 6051
480 3445
2990 6670
2061 2700
15 1018
3922 9135
9672 6303
66 4777
9227 8726
5153 6707
6033 9212
694 4098
691 8322
2496 4395
3694 2067
861 1837
434 76
2914 9601
4845 6849
1754 582
3031 8494
1125 8688
577 837
1898 7556
1325 9022
636 2082
9693 8629
4083 7421
329 592
815 5019
491 9614
1830 9597
1616 4384
9287 3914
3136 7499
1763 1949
6155 8515
323 5887
3296 7675
2140 5415
5652 1581
760 4471
5294 1321
4017 5018
630 6051
3952 7884
1997 7675
5810 8096
932 7229
5187 6752
285 1942
404 9438
5562 589
1585 6666
2025 3434
3314 338
6362 5840
3579 3253
4264 5248
5501 6634
239 8868
1210 101
2362 2973
666 9213
1572 6298
346 7607
107 7233
231 8128
2198 2265
4183 9192
72 4875
3381 1272
3022 9338
746 7522
832 8547
3902 4874
6263 2006
2028 6866
1816 3267
970 1983
926 3027
3282 9164
5729 7120
9040 8741
2415 8483
1008 8432
2044 6459
2408 4222
4977 6248
3453 7430
532 1965
913 9803
1343 7183
4717 8640
1740 3775
9830 4621
5369 4248
1546 3716
3609 7911
1566 7533
381 771
141 1667
3849 1425
3215 5920
6891 5327
7825 2599
1468 57
5452 3590
6175 5810
1550 9014
3125 6760
6999 5457
5021 5618
9665 7148
3244 746
3878 2818
67 5208
2536 3005
4009 2617
2310 8807
2804 1227
975 147
5635 795
3675 528
6659 4302
3566 9726
127 9783
2242 9495
4864 7960
4525 9481
6221 932
9757 2377
1718 9050
758 7300
1056 244
1256 4490
847 7609
1402 700
7370 628
9876 6338
104 5963
1765 4395
2567 1997
5821 5131
5051 1798
7776 3168
4489 9380
4973 2587
1351 9407
108 4569
1340 5397
471 3628
672 1378
3357 969
343 6201
351 7086
4159 9788
3895 8117
503 1521
2661 3627
1163 8131
7123 1271
1105 752
2117 9158
1423 5179
3075 6057
2652 7866
75 2262
3227 2370
9270 1037
8831 738
671 4441
2680 8526
371 2614
9808 9270
1167 2238
1044 8649
3671 5204
4256 5042
1697 1954
3874 3773
2452 4924
5751 8608
4285 7899
94 7332
7431 4189
7063 8865
1447 5937
338 8590
2409 3248
9224 9356
81 7638
3271 5529
500 381
974 6792
100 2640
903 2562
9624 8639
1166 3206
3066 8588
3645 4971
3338 9924
1926 8021
390 2586
2649 6303
2605 4222
904 8332
4494 4430
6885 2446
3780 759
1503 2094
5101 5884
6013 950
3895 3419
1049 352
1958 4706
3852 3755
5912 6332
369 1072
53 4251
76 9197
2569 1153
4368 9942
5221 7132
5616 8460
3486 8437
4056 4586
885 3359
2469 949
1395 1741
6870 127
3336 2375
4586 3619
1655 3928
880 418
6724 8054
6798 8753
3321 2235
466 5263
2453 4997
2107 8417
1162 4820
1920 7889
1969 500
588 3724
3487 9509
2291 2871
1504 6843
6844 8606
753 9543
6690 8316
856 4508
7794 3940
6874 3677
6602 2371
3128 7184
2071 376
6302 6663
1143 7577
5429 1184
5167 6631
122 4106
1430 7285
469 9084
1218 3469
1558 3860
328 8903
2657 7669
7915 3802
4760 9928
9412 3535
3587 1292
9423 1201
1729 9502
9341 2640
5164 6765
6848 9141
3721 4642
1913 9680
5049 4811
69 7481
7073 575
344 1266
101 3711
2753 1327
1232 9396
634 5317
2564 2921
7301 9655
1696 856
1223 4841
5961 2941
903 4241
2703 1028
2461 5475
7079 5321
172 7159
3606 4187
9712 4017
537 9528
1526 810
508 5548
1657 4245
87 3178
1590 7205
114 3071
3009 2216
5050 6981
7738 353
2422 2390
311 5512
4410 3506
2460 3663
8244 8835
1907 2308
1654 3870
1069 7722
3411 1423
3891 3835
891 7759
5671 5940
1391 1013
2372 9698
2305 8856
8699 3637
2386 2993
4136 5621
2511 4404
3542 1749
1790 7820
2359 6473
5423 7424
123 1623
4147 7226
2458 2782
1562 3597
1329 6831
21 6669
8949 9593
426 2179
627 5389
835 2901
6231 1642
187 7178
864 90
231 8019
1542 5376
3387 2743
140 1028
3742 3461
1652 913
5159 2061
1860 5478
962 1461
450 6204
3424 8844
563 9057
4932 4033
2545 2160
1821 3626
4857 9683
4476 4979
1522 9762
5203 3981
964 7137
3950 4571
522 2120
2832 9784
73 1458
1410 5564
8240 2837
8389 6280
8851 3453
1329 3823
3815 4739
3067 8377
981 7970
5253 1937
4938 2700
2072 1690
229 2163
1848 7491
1381 9270
1953 5527
531 8648
9501 8633
138 3263
4297 5801
7229 2253
1879 4114
192 1902
360 3442
208 3373
1667 5198
6216 7080
6105 2950
8091 2255
1524 3453
7802 4133
2341 660
1125 5218
6206 2897
6047 5177
2368 8121
1638 7273
2441 5304
4500 2567
3322 3106
2460 747
802 812
6206 1136
591 141
2857 7210
7503 5538
709 4818
2436 3354
1544 9289
4445 1850
3552 4112
2483 5129
2731 8079
1376 7601
2614 5011
1262 8799
3752 394
833 5341
1411 428
5298 5755
3201 8122
4001 1365
1632 4089
1613 152
543 2414
2093 4954
1652 6451
1767 9672
4286 3975
5721 2709
554 9673
438 6285
4250 1491
8504 1469
3641 1172
674 3027
8483 7055
5258 772
2445 9484
3949 4814
7919 4032
1226 1392
7619 3399
622 3684
716 5413
431 2076
5245 7316
894 3507
1591 4367
3024 5421
5130 6416
1771 1618
855 704
1297 3866
300 1867
1241 1492
5442 6096
4258 236
5503 4409
420 4163
290 3230
380 6009
731 7111
3701 6732
313 6816
473 653
4137 9520
3963 1701
1588 3979
9057 7549
470 1463
2772 9026
448 2197
6298 1453
2804 7155
2128 7407
1160 8232
6237 8925
1130 5178
2640 6610
7888 348
1908 623
192 1676
1037 6788
6214 4960
1031 5847
6618 2823
2721 1046
5053 2207
85 2178
3065 3522
2180 5670
565 8268
469 8978
4614 9290
5399 7011
1281 8060
2102 2121
216 1112
142 5514
1612 22
1777 3319
3727 828
7544 6392
667 9152
476 3536
4819 3028
5763 3156
6928 3622
5004 6920
3939 2325
39 364
3524 8464
4068 9825
6365 4786
5174 9792
1385 3319
414 4647
206 3805
278 2093
6043 604
3823 3577
3365 9091
2060 9871
8762 7105
5314 9562
1787 2531
236 3050
5610 8050
1657 899
2674 4816
7492 8480
399 6774
2985 7262
685 9297
1533 9405
1814 5746
5784 1600
8013 9946
641 5022
2315 3577
1410 379
1184 9657
1845 484
3380 2289
5223 9349
1764 2649
1654 3747
1240 3506
1124 9098
3656 8036
6359 7030
1424 321
173 6360
1297 8835
4175 8503
1331 8504
5105 5216
1678 5815
1360 187
1071 3239
97 3490
5492 7045
5340 1601
3141 176
735 8931
554 3452
8828 9803
6679 6978
3459 4811
9437 3580
1614 2335
1822 6869
1211 6073
2425 8440
4990 9502
794 4777
2713 8921
2835 7360
256 9943
1441 4942
3028 8607
8982 1716
2535 8413
1926 5466
207 9092
563 9474
5623 5724
1561 405
2745 3481
1381 3006
3907 1764
1107 5905
851 4172
2508 1134
73 3495
9815 3884
1743 9626
808 6768
5095 8766
2 4369
4680 6819
2466 232
2927 3436
2818 8858
5397 2896
8038 92
1503 271
5032 1416
13 9699
2969 9459
2110 8779
955 3097
9064 9866
1309 6937
348 2594
462 6060
5412 9253
8928 3347
491 9466
1328 1694
9308 7420
2640 8536
8204 9858
8539 8081
1773 1935
340 3832
8141 2289
3766 8329
1562 3668
1000 8541
376 6184
3565 3811
2067 2158
5092 3448
5387 1643
1374 6300
1782 5558
3376 1550
43 2813
2611 1797
5855 3955
2623 2818
15 252
5853 1615
1939 5959
908 8661
3016 4333
160 5538
2354 8240
1342 9678
3619 24
1104 6847
5088 9545
4733 3194
1339 3802
3548 8799
1238 8326
1141 7132
3473 8158
148 1959
1354 6762
376 7367
3705 4632
7327 5144
325 7375
2965 7904
1438 3369
2075 4783
819 1446
338 2491
3967 5995
2635 6503
2838 1457
633 3419
699 4128
4679 1516
26 1905
3262 2990
4040 1201
384 6923
1439 3694
1643 5303
1958 6983
8536 4235
669 3125
6257 6265
6531 4230
2847 9436
1725 1477
263 4135
3885 7927
6051 6271
3465 2705
521 7075
4771 5233
4592 803
1126 9150
2080 3576
7175 6818
1635 2150
2377 4364
2344 9211
6597 1919
4291 60
2160 4999
203 8933
2522 5870
3222 8527
2017 7568
3053 4899
7502 371
1662 9762
710 9590
4896 7434
427 7818
1376 9932
946 471
175 5742
6993 2309
1525 9700
4825 1457
524 4145
2063 1666
7396 983
2345 1111
2240 6706
5141 7979
2829 9628
4367 3547
8921 5846
1809 2287
1814 1
2939 7963
260 994
281 249
385 6227
1695 7884
4168 4086
3057 7268
2525 5280
5978 4387
2150 4058
6245 5209
689 5979
5206 2736
4699 6874
1028 4950
394 1169
862 5786
1094 3934
343 7843
7108 4896
7549 8749
1264 4897
1289 2244
885 4582
2489 8970
5603 772
2430 7950
27 5523
6691 6189
5535 3288
1047 1196
988 3577
2817 6630
902 5932
6990 9183
3072 4941
1871 3173
1434 4893
1534 2966
885 3422
2777 2434
6102 6431
3774 6066
155 2150
2698 2287
1343 2489
21 3957
4204 4102
4761 6807
2016 2950
3502 6824
1690 2787
2988 5623
3855 5795
738 3446
2665 2244
9021 563
365 7840
9151 447
1434 6926
1507 419
1101 3578
1541 2571
5375 5568
3014 1261
5054 7093
2116 4333
1 5177
370 5742
1561 397
1961 4825
3047 1369
6481 2938
847 9900
8699 3755
392 1876
3520 2048
1020 2472
91 3306
1272 3628
4620 3720
363 7148
484 2184
9655 368
4671 3055
4602 4686
6024 3637
22 4379
2730 7555
952 6548
5266 9109
2242 7654
336 6298
7624 3945
7202 9164
3445 5832
4131 3609
4745 3062
394 2234
9021 6795
2279 9458
1079 3692
690 561
821 5549
3296 9320
800 3101
2430 4364
5618 5421
454 1242
1560 1491
255 7853
5054 9336
5224 3529
995 4759
1190 1171
7972 1749
5023 7450
4728 6875
468 5792
1197 6215
7330 1193
4549 2272
1449 8501
2169 79
575 4213
3121 3153
3416 6068
7073 1405
6047 7055
1792 7698
9035 8232
1138 5071
1459 5478
2977 675
5809 6792
2851 2554
5494 8296
2354 9693
1801 3468
8699 8628
7630 7571
2010 1563
3724 7431
1213 7791
21 3403
613 8717
6448 5993
4516 6363
6527 7916
528 5132
1461 9039
6279 7032
7393 1269
137 6209
3188 8969
99 2173
1108 5772
3401 5510
1128 5501
1233 9371
4349 8689
5100 85
3515 7915
1304 3013
2246 3313
6343 2861
3125 3365
6496 5859
2581 5250
2120 9550
4974 8950
4652 2241
2023 9397
414 7076
5457 7220
285 3574
2010 9998
1999 4083
1492 3097
1689 7488
1769 8669
6104 6018
1194 2263
2011 1268
2665 9415
923 223
906 2667
978 2519
1766 6376
2148 7001
1857 9808
1767 4572
1357 4629
3532 2356
89 9896
152 1183
1202 1687
6075 2863
2037 2650
2117 2494
9135 9979
5760 9972
1856 637
1458 7011
7177 595
1431 3956
2848 1004
554 328
71 9652
537 6248
421 5559
5630 3173
2146 3722
4271 7659
733 6238
1571 9571
641 7325
2997 9008
2832 9060
2297 8392
4449 5524
6286 5584
2681 6018
269 5516
7214 7451
563 9004
145 2006
2252 364
878 7910
8603 7194
3817 3022
3829 9822
746 1078
2507 7821
9873 1929
7170 2499
4493 3649
6728 9151
2260 4153
6934 674
3683 8401
718 7041
4756 9295
3496 1465
6217 9459
1026 6794
8035 6236
3409 5500
1641 6514
4661 1714
4125 2021
311 2733
2481 1908
6525 9491
914 3855
5662 2174
6456 3853
2249 7873
370 3756
2631 7525
7919 9650
114 470
3992 7087
1368 1082
440 5245
4864 408
1025 1648
5060 8413
1661 6641
4042 4522
3048 3164
804 9290
3958 6181
3051 6754
5381 9008
4841 5977
6658 9882
130 5957
5807 4328
6363 1466
1181 1319
2872 7113
2623 570
1578 2391
1054 3945
2170 4272
5423 6172
1893 372
5191 6654
5696 9045
1469 7371
2440 3327
2367 3762
403 2340
9492 1272
2989 9789
4992 9202
493 2907
1612 1592
4032 2224
3096 3741
2065 1973
388 3558
79 5209
6987 7726
2569 4466
8079 597
1085 8161
1757 9534
4173 9709
2545 9984
5867 9372
1158 6245
127 6423
6441 3113
2008 8464
35 8079
7711 4282
2047 1582
218 1957
1724 8641
1345 3736
3377 9695
5885 1528
3398 1932
3276 8977
1939 6624
1628 5564
703 9197
5930 9303
3872 9432
2906 8062
3856 4580
8703 4571
145 4238
3867 2759
3091 2300
2555 2188
134 2669
3781 7704
4885 3171
3811 3732
1522 9911
612 8648
6342 9353
5443 1039
290 4735
571 1942
653 4315
1603 4511
7977 5999
5699 9214
4324 734
4580 9180
7909 5435
2280 9161
3017 1842
3897 9118
8768 7960
720 1715
5268 8334
5447 6721
6964 9574
1192 914
3197 9064
25 6087
8108 504
1189 1389
910 5019
1674 9504
3307 9293
5001 3232
3120 7713
5866 3534
8177 4540
7841 7130
3496 8931
6666 5464
3873 9655
8603 7603
2836 9667
367 8064
130 4398
3620 5544
6865 9291
2816 5973
1822 7315
8981 2768
5338 4676
5460 2124
4668 4201
124 7154
3616 5250
5036 1775
271 4359
2576 7202
7588 2642
2625 9780
8949 6856
93 10
334 2918
1549 8089
375 7432
623 4643
6785 320
51 2177
3685 9071
4618 4446
2374 1748
6117 6256
537 2922
2592 4168
6499 4351
5342 3846
2347 2236
2884 5421
7520 6902
7904 4172
2465 6458
3634 1426
513 5835
2690 2070
344 5179
946 118
1473 338
2628 4571
3696 7228
3137 8279
4705 7519
143 7127
1422 8792
99 7565
2086 4216
6596 4175
1770 6977
1517 8554
4593 4916
722 9061
262 8061
329 8340
4112 9457
2522 8930
4303 201
1825 232
430 6890
1556 6660
728 1690
916 642
1410 9678
1258 3190
6319 7892
4036 4551
1011 7759
152 3884
7491 1080
2751 524
1810 4681
4944 2810
4908 1892
7461 5309
5489 8487
6227 2411
1086 9464
2469 2183
6020 9092
6118 7298
260 8980
5734 9229
1453 1651
343 9170
397 1154
1275 5565
4840 700
7386 5882
9865 6110
5366 8515
8664 7004
4960 6314
1016 2267
4698 4941
6560 545
133 1091
1102 5913
310 9309
4645 9110
2832 1118
6730 6883
1507 3008
1804 5171
1299 1449
7484 3721
6144 8430
3964 9664
2796 5056
1746 6910
2506 8495
149 7559
3617 6460
4248 9992
687 8720
4970 8808
2753 3284
2718 181
399 4171
280 4566
4075 3962
4670 7049
2269 2649
3203 6078
5827 4678
623 5948
370 4453
1146 2259
4411 4478
6407 7985
3227 7829
2778 9501
6136 6222
2142 7229
2799 9633
32 7257
8735 7280
622 8843
866 328
334 444
7520 4032
5815 3507
8141 8109
4645 709
9159 9140
1068 6530
915 8337
1550 4059
903 5577
3237 1597
4023 5734
1770 7581
1029 3169
585 9801
1439 454
677 9364
723 1305
4914 9895
1212 8177
4651 3399
9843 9683
802 8780
8043 419
54 5120
2 2479
1015 5446
9003 4342
1548 8781
6222 7156
3029 7752
4406 2405
120 4739
9348 178
924 2070
1076 6247
3674 5467
256 5376
831 5697
1305 1589
452 5320
2360 5901
781 4145
1109 1232
337 1217
2728 1291
1802 9781
6715 4543
4969 9498
538 4985
1796 3738
1290 7599
7779 5560
8221 3462
680 2698
1738 7306
9353 5755
815 2610
2257 4176
1184 7939
8125 642
1337 5880
313 8733
4984 2034
836 3291
1563 5071
3502 5327
2336 152
320 2586
3451 5080
5131 9797
3104 5447
35 4011
1225 5872
63 958
5262 9223
1496 7713
5196 2371
1608 7984
3644 4667
511 9649
6788 6755
3412 7091
1271 9489
392 6562
810 4275
517 1562
9933 6434
215 957
1901 7702
999 6188
3911 7081
5892 4739
231 2352
4457 8274
5079 8349
5935 4480
1252 3762
442 9814
4560 9181
873 480
706 1235
898 7495
7298 9473
175 6267
198 5314
6493 154
2521 7141
9942 977
365 5827
5574 6049
6665 9678
2426 1392
4536 979
1803 2457
1941 4478
6930 5901
6417 8125
740 7745
2476 6440
1042 8467
115 7184
333 1085
1765 9499
1152 4265
1534 797
872 3271
3750 5852
3691 4776
1638 3850
664 1032
9061 3474
364 6373
1128 3137
1824 8971
6889 618
3814 8037
3020 283
1087 576
1147 500
4326 4222
2261 3623
416 8469
4485 4330
5461 3387
1056 4963
5771 3614
772 3540
1542 6765
167 6283
7016 1019
2058 8702
1860 1562
2664 2325
3730 3555
32 4885
870 873
149 2867
9626 4398
6616 101
3169 5871
1122 5097
240 2420
1883 1361
4800 1083
3928 8149
4564 2740
5992 3840
1498 2362
1736 3646
225 5387
15 4925
1974 9641
6563 7612
3223 2050
4605 1362
1643 210
4969 4291
3502 563
1705 5068
2673 3871
7065 1218
3308 3960
4666 5190
7153 2136
1632 4119
1687 9822
6042 1741
2977 1405
4296 130
5445 5035
2547 5701
692 8666
3962 5539
3391 5296
1828 4434
4262 9506
428 8737
700 6148
3079 3181
447 6490
6936 856
159 5336
5326 3551
2680 9
4345 4693
739 5208
3011 4249
500 5767
6644 3903
965 43
974 9951
3064 2026
878 7430
471 6202
1969 439
4104 6885
6800 8895
3615 6114
1903 4829
6087 3959
455 4634
418 4739
406 2339
239 6448
2474 4382
2198 1359
1034 8648
6479 9492
2746 2525
1022 9513
1697 4934
487 38
6767 7260
5045 5318
5651 8373
41 9281
2393 1494
2778 8560
7823 6484
5005 4357
6409 6921
8373 2895
5761 232
233 7867
544 8584
3478 1334
2155 397
68 1526
4 9744
68 2586
4196 9552
1951 6960
2138 9894
915 7410
1972 4783
59 6598
1531 168
722 4559
1151 6200
9886 4267
4857 1976
4211 3672
9544 1259
872 3919
2202 7998
2681 2950
2057 1169
5686 6202
8659 5398
7582 2092
1961 9253
3873 9389
8855 6012
6710 1550
1879 5900
1234 3564
1064 7923
1858 368
3827 9919
850 9075
6041 3131
839 1979
5177 6078
2034 6971
2339 8423
8142 7416
459 9788
803 3090
8402 9578
4916 3613
4768 4938
1769 582
8682 6646
3823 7570
1028 1861
172 8609
7174 8771
1923 7227
2023 5185
111 1084
527 9372
8527 773
903 7143
350 1328
3224 4713
1298 7021
2274 5035
1895 5361
3333 7044
4940 2572
286 7202
5985 8050
2798 592
2035 3224
1274 1291
140 2428
2458 2803
4081 9768
1356 4707
1192 7324
6354 3039
2781 9622
4113 4863
7366 6997
2231 8924
878 6475
6961 9262
1737 5945
2084 6034
9002 1564
2100 4367
5479 3089
3219 8663
9383 650
1034 972
1353 6634
5288 1437
699 8494
3573 6455
2181 4354
2714 1114
2890 1980
5468 9066
198 6028
143 273
9887 8174
4711 8293
4585 4873
8399 8009
2909 4771
377 7875
6930 7022
4807 6475
7476 9828
3712 5401
4197 9585
3556 5005
2228 3322
4160 1297
1221 6635
611 846
4687 1543
6904 4074
815 3854
8149 1815
6013 9282
766 5539
7826 9687
2590 4142
41 2822
677 9945
778 8244
665 5393
379 3149
2076 5893
1399 2447
8347 2159
7276 7217
5984 8263
442 9148
1198 2163
5324 359
492 709
1441 206
2492 9483
6781 8341
6136 6729
3798 2625
433 845
6933 7298
3601 2886
2168 3907
2031 5811
2273 7786
2318 144
3182 3972
1814 990
2628 7779
1474 9054
2242 5308
466 6256
1348 4875
6993 9801
799 9026
3034 3167
435 9984
5588 5844
4509 4140
3939 7190
1558 2796
3643 7626
4792 1312
2849 852
1695 562
2531 639
585 6807
713 5533
3376 9432
5929 3484
7317 1406
5911 5855
1245 9836
1248 3963
1304 7442
502 8804
6935 9052
1747 4916
8392 4281
52 3315
104 128
133 7144
6790 2251
26 4786
4323 9100
4207 3630
4704 6833
3822 8377
1419 3834
7996 883
837 3603
2846 418
5026 2083
3539 5827
1282 2184
1434 1987
563 2733
2447 2240
160 3462
4779 7077
6457 4401
2063 5055
1554 1237
1254 2691
491 8623
2567 6706
1739 6887
4632 2249
1599 3520
1720 7543
641 2135
549 7567
2841 9811
1109 3023
1855 2845
2148 5921
1776 7836
4322 8292
8606 233
5924 8259
1478 3452
4046 9225
1332 9816
112 8047
1019 2534
8416 8243
9750 6382
2127 9641
333 3038
1316 9369
5324 4817
2852 2351
902 9715
8063 7182
799 1109
7 4827
2121 8682
3453 108
3425 3745
6414 3491
5504 2319
5638 782
7988 1340
3933 949
2500 8782
5964 2438
2845 8806
2997 4298
3379 694
6294 9945
63 8879
2282 854
3186 3007
1664 3356
2115 5957
2358 3255
2058 5165
7142 6817
4807 5297
2665 6150
51 3213
7038 9783
9396 5682
6489 9898
114 8139
768 4606
5492 3390
136 6939
578 371
5063 464
2722 3680
1405 6995
5876 2143
2728 7359
7621 5621
3602 2682
197 8108
1578 3146
3716 9641
396 4832
443 1099
2749 586
6178 3032
9973 4360
303 8862
3260 3955
2227 2015
9855 525
27 8526
3494 2113
8581 7289
4270 8608
4476 7168
2724 5014
9680 9947
3701 9597
2178 6341
6357 9781
7328 4448
1182 4379
920 7117
2595 1611
750 9995
3804 5198
831 3334
8335 8943
6573 7632
2654 2300
258 5135
371 1690
1422 8261
18 2449
2246 6110
7135 1335
5101 6351
645 4342
2447 399
4955 4829
8271 1543
9351 7273
2001 2205
5827 1054
8411 8961
144 9340
5995 1976
3727 5286
2004 7485
1503 7850
646 4208
8580 8166
2100 674
4810 2246
9829 7628
1064 2289
2635 8132
1168 8998
9364 8667
3680 235
5487 6887
7080 9425
373 5800
3451 5230
3642 6337
1602 9706
3266 7342
3577 101
711 5969
4109 8182
2904 7622
2285 6483
109 3498
3198 1915
833 8677
1952 5045
7066 1038
3953 3036
349 3426
4526 239
958 8160
8731 1986
4354 654
4347 5246
3431 2695
3276 7036
1307 5851
2534 1154
4061 6982
2943 7926
2967 8852
1001 956
8676 6407
8210 3947
1110 6276
3354 7397
189 1685
1632 9680
762 7833
1430 2245
242 9476
6767 1415
3139 9867
3303 1405
4791 6514
7381 7846
1220 8000
4946 24
86 7052
1457 6046
5116 2661
7398 3046
262 4490
1016 5573
1827 9282
1179 9829
250 8689
840 9171
756 480
2141 273
834 1710
1074 8352
3478 6575
2426 9851
2521 1667
2475 6262
1684 8977
3520 2532
1016 8389
4009 3585
2421 7336
346 9962
2165 8467
2743 2902
484 5322
3633 7726
3288 5851
5667 5846
9886 4976
4260 5792
2180 8792
450 2103
1395 8915
1876 1628
217 8767
4620 7072
1876 1169
7044 8514
2499 6456
4722 3509
5470 5295
1842 4346
7959 8860
2577 4828
1766 6233
628 5591
1823 6704
7211 5783
4346 2443
9060 573
3849 9552
4551 8044
1296 3754
4248 1556
6307 2453
7194 6713
1469 7475
403 5817
5358 168
1643 6976
394 2886
1933 2817
1207 6444
8448 3840
8206 530
1409 4487
2566 9866
4641 8629
142 8181
3670 9121
311 2070
6510 514
3296 4488
376 9489
8953 9631
1820 892
5237 5232
3816 8335
1619 8133
6266 1751
6157 4159
2910 3453
1380 8559
1110 6697
865 863
5290 4666
4086 6922
3300 3547
723 4851
1932 9038
6922 85
246 6908
368 8743
3743 5786
5309 1439
142 5411
2069 2572
3242 8968
2511 4283
6072 7109
3948 9445
8825 7115
4860 4913
5229 785
410 2480
4830 8125
230 9373
5861 4950
144 9709
8955 4932
2236 3713
3393 2411
4905 5887
7981 3427
1612 4476
901 8994
3813 1965
229 5219
3187 3264
2472 7034
2346 7021
8240 2619
125 9263
4389 7788
7296 4163
1036 5827
2461 2462
2413 4522
2569 6562
365 9096
1045 4257
1667 2035
4951 5163
5353 4769
1614 4608
2220 6391
2672 4476
8820 342
1759 6920
8706 5072
4435 4234
7917 7635
1730 873
4845 7859
465 5070
271 9960
127 9965
2415 6681
2332 2315
4800 6247
4884 3267
2595 6655
3742 5756
3345 6842
4984 3306
5543 6695
4489 972
1347 8259
690 6652
7746 6111
1091 321
1716 2532
1036 3314
5284 5770
2750 8249
3212 8274
1700 3188
1287 9622
1605 8629
7051 8984
6316 7864
7837 1509
5234 2843
1684 6046
3150 1327
1734 7417
2809 4145
291 105
2371 4408
3423 3318
3660 7139
4267 2673
5582 2701
2049 6874
2544 6819
4721 4121
6666 6199
545 9629
6191 9888
4311 6819
3993 5968
315 8868
7865 5491
823 8251
1368 101
1843 6968
3709 7806
523 9934
3997 579
228 6108
45 8984
4437 1816
4684 4987
1483 1651
2932 6170
3087 5271
2202 6210
1145 3106
4226 1914
7930 5252
7092 4054
711 2410
1134 997
9756 3955
3227 9459
2048 901
1708 4342
7153 526
2124 6707
6473 2892
424 2444
1448 3281
71 7617
6956 8782
2391 5357
336 8621
8123 6896
1084 7606
2976 1257
1660 4771
4585 2427
2224 6961
2870 1710
1731 1762
1772 5240
2043 4121
2325 9426
1825 4308
3204 9856
9483 505
7002 5047
5792 9029
1054 4563
990 4914
3548 4468
2535 2347
5941 4675
5550 5483
6083 3774
1605 5207
374 5105
948 6722
9352 9373
2310 8880
254 3929
3612 5732
84 6998
4625 1941
5828 5495
2002 1306
1129 1011
4227 9426
2665 7993
1254 3838
861 1495
4865 6437
19 351
3441 3149
3664 7360
7938 5461
4321 8275
3368 2966
1440 3740
110 808
2468 3924
3476 6681
2599 8791
323 4527
1933 7246
7371 1885
822 1096
2416 7818
718 9178
1000 9999
7621 9146
6295 3399
3976 7972
2279 7505
2861 308
7311 1731
1906 8588
5130 7198
3253 1864
3490 1188
2759 8916
2803 3484
2724 7574
1816 8699
2606 2804
931 1511
1531 4544
37 5397
4185 5246
2954 8768
1475 6795
5228 3680
646 6369
1400 1009
5340 8876
584 7987
554 8045
2970 812
5784 3854
193 679
5116 1429
268 8139
2695 6188
4183 8216
3014 6133
9016 113
1070 2155
320 5457
3707 6557
9432 106
4526 3420
1367 8968
6119 2122
497 4786
6234 4738
2624 5449
5335 7125
594 3159
6000 7608
1021 2490
8978 5610
1483 2121
7012 7998
2115 5184
3553 8740
4412 1003
3105 4428
162 5421
1647 5710
4899 423
1192 3888
5749 8527
9884 6880
108 2201
1172 7720
4432 9356
6330 8943
1465 4172
1582 4345
4103 8005
1778 2042
6497 128
1168 7970
5075 9575
8311 4036
9989 3225
2953 4065
2313 6735
1410 5588
5559 2311
4160 6142
5218 5519
1518 1902
2892 7123
5083 2018
344 5227
5623 6595
6746 8991
1279 5385
3684 5596
6670 8429
263 5067
368 8177
1193 7429
318 4585
307 9558
9220 4577
9478 6459
5193 6133
6090 6226
905 8881
6337 6994
1870 6432
3412 1827
8618 7777
293 6104
2782 6744
1919 7670
2008 4097
2589 9230
3249 7523
3669 3020
834 7843
1943 6223
743 2271
5207 6705
1413 7050
5290 246
1025 7814
5363 8266
4068 796
2346 5671
2412 7558
2584 9631
6714 6507
5341 8015
5175 5370
5337 213
1271 8969
8512 4657
419 7523
5994 9430
468 1446
449 5914
3967 3290
2595 634
6397 4018
6609 7698
4574 4102
121 5782
3248 5609
7852 3393
3282 279
777 1771
2695 9539
2116 8959
1325 942
3722 4396
187 578
3125 1861
5994 8047
4770 1130
4436 769
9 5821
3243 1424
2488 7603
4825 5752
6274 4815
1997 7629
5321 1850
521 6076
6077 6041
6443 9352
3090 1727
1380 147
2788 2812
3099 7664
244 7220
1608 6976
1366 5100
108 9700
5580 6110
872 7016
5630 7089
2201 8333
4983 4823
2946 4295
2615 8103
153 8427
1117 4532
9096 9790
7223 785
446 8145
798 8868
22 1429
9532 2640
468 991
493 9718
124 231
2539 3825
6681 9371
3181 3636
2154 5258
1910 7443
7321 488
9460 7629
3423 1782
6017 3910
9234 7710
1250 8323
9701 2733
1403 6072
598 3187
5040 4768
1141 8790
998 8262
16 3668
8350 8892
5699 9598
2032 829
8785 1390
1769 3004
3061 8249
2933 5606
7499 4315
3411 9871
134 530
786 2690
1137 192
4831 9748
328 8284
3433 341
8291 1789
3202 2465
1282 1981
4820 4899
1274 4469
8450 9258
7589 1328
496 793
3387 6677
1700 424
717 2356
3590 7981
2818 2418
1031 3472
18 6934
3541 4099
863 2190
3090 1290
1235 1669
9476 3577
452 1948
509 1628
2175 4549
9338 6935
415 4808
2172 2408
255 1286
1765 468
1648 8087
8379 5936
5073 9756
5332 5599
964 697
5184 9275
5692 9032
5345 5578
569 2412
166 6458
5566 7697
288 8712
857 2485
3011 8182
381 5157
1089 6793
8015 4011
1863 9189
8825 1701
2635 3767
685 7206
1098 3292
1675 1188
2394 1327
510 8361
1421 3298
1018 5041
2 5089
1072 1903
3112 6002
157 2697
1764 4352
797 1390
704 8155
4043 3949
3210 2437
1113 1415
9688 3523
910 7182
2539 6115
1009 6454
2278 9853
3725 2433
2592 1425
2773 4866
3257 960
2319 1846
7982 5772
1892 8922
225 1898
7464 829
4591 8607
5743 4459
717 862
3784 7147
4043 2298
6352 3343
1094 8875
2997 3853
4950 3685
6902 715
986 2569
1225 7220
9213 6337
4390 156
2765 9574
1601 3212
780 4384
1994 4522
1198 9044
5654 38
2424 6631
1514 7374
6398 8647
127 8773
1059 3200
880 169
1758 7250
1387 5105
484 2864
3834 9721
3577 504
2291 5743
1160 1517
1473 3641
3011 3790
2305 2354
740 8651
1226 5199
7522 5831
159 7715
6062 4380
6147 2639
5592 5762
9709 352
3944 2173
4709 4208
1334 9878
1883 4891
534 3871
1308 3485
7502 5886
2590 4604
3611 8970
4493 1075
690 5790
3750 7632
3714 9197
6340 2288
1122 3078
5379 4262
2608 1446
5958 1291
237 1311
2941 7939
1011 8856
956 7897
790 1596
944 4908
4250 6518
2572 4512
575 1455
114 2369
4933 8587
5317 9640
7204 6912
5351 8940
195 5813
748 7365
3213 1297
4238 3122
5694 4120
3823 7706
5483 7886
1310 3617
7727 2799
2108 4469
216 7852
6166 5243
1542 2207
1470 5178
4059 5292
2425 3184
1612 3727
3938 1782
5737 9322
2638 4042
2308 7866
1397 5127
2399 1599
1160 557
8133 7081
2089 3045
652 8806
1461 5491
2959 5879
6672 6091
2880 4740
216 3251
1880 1727
116 2444
5719 5583
903 846
630 7164
4043 5932
2029 2001
635 8544
2394 353
977 1361
7159 766
4072 8110
3279 446
5626 4714
1981 3154
200 5527
1159 1522
489 9338
3450 8731
7483 2097
484 8290
2254 940
494 9161
56 5340
4676 6271
138 5979
2990 5293
5974 5543
427 3416
7407 2189
8878 8167
3546 8480
4745 3366
9052 603
571 7970
2389 5308
5483 4203
1378 849
8558 9038
210 9375
668 788
3964 7980
5236 3394
3666 6172
5022 9281
780 487
2153 6960
4764 6706
5892 6199
3550 2453
1899 3684
1882 6539
2687 2460
976 843
8575 2708
176 9229
623 6264
2771 5562
5299 6777
1480 9384
2368 3253
232 3406
1571 608
852 8292
9416 5204
3630 3206
3224 8611
3265 3894
2020 3967
3017 3058
7987 1897
526 1301
3417 4249
1120 5590
8466 896
2592 6607
1275 39
1237 7632
7922 8991
147 3617
534 3524
455 6058
149 5723
205 2792
5582 7130
2220 2210
3648 9017
1943 8689
1367 3690
1270 1710
3458 1788
2762 7020
31 7005
3385 995
265 2135
6198 1423
3732 4777
6471 986
1484 9518
3220 1129
4857 7057
290 8584
1485 9498
7836 4172
1451 4012
4212 5913
2019 7662
6531 503
1827 4996
2996 2043
6791 561
1503 3847
2038 745
3947 9672
313 3518
3512 7741
2492 8816
648 7026
1994 6892
1882 8255
3099 9535
1206 5604
7352 4678
1572 892
2060 7628
3213 3613
5319 2511
2069 7893
647 6963
1098 2143
2898 6840
4132 3896
2668 666
2436 2483
2579 1914
857 8446
4131 2986
7462 9448
3401 2498
1115 4763
7476 9211
2475 3141
1320 6818
535 2911
3711 8226
3700 2780
3050 6284
8975 9684
3057 1257
1818 561
1299 8998
4530 8698
1281 6458
5084 8602
4890 4426
5062 7637
2270 5099
1827 2085
1760 817
1457 7375
427 230
62 8415
2112 1291
153 2655
6270 408
7544 1264
2276 8388
43 1574
385 1707
1337 8304
9470 2021
6972 5089
724 8229
1594 3148
489 5723
6152 9226
1779 4440
3967 7436
8442 6830
994 1087
81 525
167 1793
393 8987
9921 5770
589 2521
9058 1571
1658 3716
6685 5156
1376 8345
5605 2676
238 4285
69 3240
8331 9014
4150 223
6252 4479
168 6850
9066 4459
822 2175
473 7135
9368 8426
8189 3070
1447 2883
2042 319
8959 5772
3455 2881
6746 5685
393 4496
7866 6459
316 601
2039 2633
1997 2127
4129 3037
8985 7588
2498 9768
176 3054
154 8139
1939 2370
809 7938
2223 3275
5087 7864
4993 6290
7138 2127
2496 8789
333 1281
2120 8612
747 720
9291 745
1418 7516
3700 1290
2374 203
4704 3845
2221 340
6902 7535
1248 3985
4843 5280
341 4712
385 9637
5613 4736
7947 2586
7652 7735
6240 422
9237 6569
44 3907
1940 9178
8366 6951
3555 5695
175 1699
822 9005
5119 9972
3173 9144
5938 3034
1666 1296
7835 5527
5324 9577
7076 8560
1594 8759
912 9338
4740 7698
6144 4455
5269 5177
213 4847
3728 6507
564 6487
1360 3002
1481 2704
1431 415
785 442
8599 1085
2280 9469
1968 963
8954 681
2065 4092
896 7319
842 2122
8425 9165
9906 3796
9416 8441
2500 9517
3778 7968
5004 1684
3015 1057
71 9016
724 2962
4652 7655
3924 8052
396 205
635 648
3359 4743
1853 7384
2283 1403
9308 7979
1762 8645
5088 6634
1625 5663
2988 1037
4765 7712
2976 8068
6049 5072
8100 706
583 7310
2120 5948
3592 9794
4614 6009
32 7533
9153 4821
3226 9687
2606 888
2618 2218
9405 6169
3958 2112
2366 7635
114 6992
5681 3029
1086 6073
3434 7152
2757 1018
1064 2778
1009 5124
737 1906
1150 5239
1251 7970
6340 6718
991 8109
7038 9282
2483 5462
1204 7223
2787 8227
1212 7799
3260 9259
3329 7580
721 3869
5415 8573
1728 2156
63 9762
2709 914
4546 8933
3582 8731
5527 3016
6543 9093
909 7617
7038 8547
4314 2867
1748 2840
281 1850
425 4867
1470 3723
5893 217
9897 5435
1983 1915
1369 7291
7106 6482
3545 906
3469 9201
6520 2356
3215 1728
2788 4244
3776 7096
4184 3123
3333 7444
1797 7102
98 7813
252 8744
4806 5233
1514 8036
1680 1231
2232 6807
1974 7599
2203 643
4137 2730
7015 6995
1832 5976
564 1086
764 8712
3025 2441
5351 8664
1796 7718
9517 5471
4103 856
4148 9228
3843 9190
443 3525
1624 9334
531 3506
2240 3258
1081 5497
2425 5477
2391 7608
4195 4292
2069 2042
1808 8123
5360 8129
1509 771
4681 3984
376 2033
1331 1401
699 3706
8534 608
6607 973
547 2056
1033 8009
7723 9402
3784 4041
4651 5207
902 6210
2315 380
5973 7163
2129 6384
263 1403
1234 4961
2025 6337
2275 9144
1419 8839
2591 3387
1288 5323
253 3951
3670 9741
1063 1874
1246 8671
1633 4647
4457 5679
3051 5265
281 2242
951 8608
1733 7757
351 8346
2937 1766
952 3292
2843 9643
7700 1804
1085 4359
5902 2858
1627 32
2436 8261
1124 1865
763 6085
3006 1720
4810 5556
2115 9009
4944 3246
2390 1830
7299 664
1242 545
1086 4933
2919 6360
9560 7744
357 6199
3467 3915
5345 7558
420 9753
3781 4438
1629 6339
970 3714
3177 2300
9725 4068
4048 2164
5291 8471
4274 9725
7361 596
744 7886
1097 5297
7130 8887
7496 6078
8068 3614
8143 5236
12 1764
4277 642
2356 5821
3136 2640
608 5039
7137 1884
295 523
1000 1692
8088 9552
883 3191
287 5155
2464 1617
5276 4593
8112 2484
1362 1585
7094 7945
5045 8220
2384 7980
3610 942
822 5256
1540 7909
1477 8323
3044 9942
1353 2072
805 8680
3300 491
768 6294
141 8323
2330 5482
5957 843
173 3609
931 2238
568 6781
4828 6378
3230 7220
8392 4906
4697 5231
2010 9454
8504 5804
2322 6327
101 1249
2423 7325
2 2002
1191 3869
1719 7503
4172 4351
5353 7722
825 7398
6417 7576
2428 8531
9462 5241
9428 1121
798 4017
831 6261
1571 4494
2962 2348
57 2309
1656 5385
716 1366
1235 8294
6648 2398
1235 7218
7756 3142
201 782
1289 5978
1124 1723
889 9746
5712 2710
367 8784
7471 1530
117 3958
185 8992
2210 2146
1871 4421
5762 3291
8632 8652
5404 4220
4514 8628
5638 5120
920 2074
1938 6210
1216 4486
7175 3833
1061 7433
4304 1909
1302 9803
1996 5218
705 84
9614 7233
4779 9888
840 3668
7915 1831
8466 4543
2748 3337
199 176
5518 8714
952 4122
3588 5977
1446 9844
2055 1202
57 144
3556 1377
5332 5802
7503 889
990 5186
6069 7668
527 1329
3382 511
1055 6887
776 6610
958 7440
6 815
703 7034
4406 3573
3439 1364
221 4839
68 7256
1457 2618
498 9797
2919 9234
745 3427
8277 5935
4423 9457
27 4934
217 4145
1574 7069
431 3404
608 3108
889 886
1298 4759
155 3434
3762 7721
486 3247
5194 7607
4495 8506
908 1974
904 7366
3793 481
273 766
1336 920
2903 9474
1055 6790
5136 1147
478 4746
1486 7955
2306 7893
392 9483
8282 7398
2650 2936
8166 2692
8367 2004
1544 2367
83 3056
4879 5845
3474 9065
6343 1746
2470 2542
258 3474
3366 7473
791 3076
225 8673
2486 8598
943 5311
2393 5554
1022 4491
8656 9733
3784 37
182 6755
352 1974
4052 9940
5989 8287
2778 5027
997 862
2742 3151
4685 1651
408 65
9279 4893
1249 4383
4808 5446
8112 6743
4394 3364
4379 4780
8493 28
99 9714
7484 2732
4965 2823
317 4065
5092 8374
725 4025
5275 2819
38 8466
708 6828
967 8835
8269 3540
9403 7941
1197 4572
7461 4807
8227 9149
5803 6975
616 9632
6490 2840
893 4022
2834 3388
5397 8606
280 8005
1509 2445
1265 1315
226 2204
26 6055
64 9626
4516 2837
6611 8843
996 9897
920 2756
3630 4869
9093 5810
187 1867
5767 7978
975 7631
368 771
3514 2199
142 9820
1085 5832
3907 5078
8447 9431
2967 3156
1653 2149
5249 7567
490 8556
512 2883
4895 1934
1007 2164
3286 9842
449 4943
5798 5575
2965 3492
1235 2429
919 6464
2136 2442
1045 8924
52 2096
524 3383
8725 6087
3155 643
1083 9430
792 2650
788 152
89 7971
3595 9749
4275 9902
1096 942
3750 554
824 9696
8723 558
3410 192
6587 4456
4213 5742
456 1526
764 7135
6468 1024
964 9490
2454 4477
1497 3118
8613 8959
2528 2601
4785 1234
7909 2205
1679 5729
2631 276
1564 4845
1895 4886
1040 7743
1065 116
1835 8313
1164 33
2211 106
1121 9356
182 7159
1010 4526
6577 9326
7684 1382
1088 6262
9866 6074
845 6812
7481 4275
609 3054
3626 3486
6742 6995
8321 2859
953 1536
2424 7421
2930 583
1035 4601
2085 551
4364 9657
1507 2791
4507 4898
544 7893
436 1229
1083 9646
1825 1118
883 4917
9697 4599
2701 1024
2648 6368
3249 5207
557 9144
5569 8766
1943 7556
4697 185
8243 1099
3164 6817
5705 8278
3155 3015
7364 3649
2837 5361
374 9356
15 2095
6612 2882
2756 1676
3274 5481
1088 1389
2251 9640
4897 1519
5647 902
648 3780
1868 999
6047 6890
6321 3945
1445 5379
549 6677
1309 8417
7627 6502
2894 4535
1938 8974
4984 1649
9898 7021
297 1028
6273 6966
1131 7682
616 2236
2560 7888
793 6285
508 9923
937 6360
5981 3196
1048 3945
2973 9045
9353 720
1629 4441
4359 5674
4193 291
54 9679
1535 2343
2025 1464
6226 1057
2647 2813
2965 5406
1430 5600
1999 7469
2976 7508
769 111
614 185
128 9998
3280 8493
4709 9093
1342 3306
5141 1744
3620 2619
975 8418
4459 1112
8809 3027
8949 5659
4217 3064
284 3470
3691 8396
416 2604
3245 615
2768 1017
1562 5661
538 1653
2543 4496
882 7475
74 613
6564 3446
4498 787
271 845
1189 8805
7244 6845
2111 7198
4179 7033
3145 2304
1120 5200
8314 1410
9874 7718
8183 2378
3055 269
6097 8190
5087 9153
3744 7721
4881 6553
2874 8562
2923 1253
252 531
5680 2745
1197 4235
3237 1615
3817 6493
7930 7119
8660 2888
5548 3620
938 1079
5971 9880
1255 5323
774 9575
8940 4
2837 7209
9440 3072
7424 5035
357 8734
1680 6825
680 7141
4025 7730
4082 6773
1572 5039
460 1568
3594 602
3024 2689
1370 2960
1102 7088
3296 9780
7254 5612
5378 2076
8823 4954
2669 4332
631 7524
1274 5212
31 5927
840 2343
3476 4174
546 1519
5296 7262
1130 1442
5792 7761
3442 300
2799 5559
8911 6192
6071 9627
7972 6172
2582 5152
4722 9370
1765 7168
4958 3774
7889 8217
4662 5378
133 3938
7172 6984
4070 8680
5343 9936
3864 1254
262 6697
4035 3699
218 9063
3219 7486
2608 1229
1046 8864
6404 2945
4666 3720
399 1981
217 8417
3306 8821
1555 3100
8210 1555
4678 1465
4038 8132
2591 5500
4183 8832
5923 8917
5466 8325
1834 7467
4101 4629
609 6784
5283 5790
3964 846
3574 8062
8947 8598
894 7400
1256 8746
5988 687
7020 8372
37 1179
5745 1793
9383 130
2739 3755
1388 8255
5710 1254
1471 3230
1853 3139
1358 4868
1217 2929
4301 9632
4430 265
658 2587
7270 2361
5821 9552
2051 7680
1073 7328
8472 2715
450 5032
835 3116
6134 1820
3574 7123
3171 7054
4917 6599
912 9407
2323 1122
2337 5082
958 2924
2284 160
2103 5621
1423 1809
3988 2480
431 4595
1178 2613
1676 29
297 4434
7189 116
203 3479
6628 5502
1703 7631
102 4528
4541 2610
740 9114
2903 516
1220 7529
480 4013
1434 3034
1252 5523
6641 4036
2386 8220
3479 5266
187 4908
500 1912
1757 7835
1913 9844
443 9875
724 7520
5158 3168
3887 5755
4190 9976
573 6202
3186 1285
704 6401
847 326
6422 4499
3 7125
2114 4692
1426 9087
389 6055
2193 5752
689 1622
6669 6092
2326 6354
1535 6374
5375 5714
8934 5908
1658 1337
2220 4734
746 6915
4349 5233
2553 4717
2389 5827
3411 7744
7241 2543
3808 2821
8291 9488
3712 6341
1917 3188
316 6363
5644 8034
164 4472
275 843
3333 6230
4436 4783
5866 3229
1042 3778
4883 9865
459 988
3786 7347
5316 2293
297 8992
7096 8635
9206 1151
983 2143
3530 7527
218 9621
3015 8342
7694 6418
4005 149
666 2947
2031 1041
5854 7690
1652 7306
6030 9562
3988 771
7465 7154
163 8183
1770 5047
2770 3841
5247 3402
9898 3860
1971 269
5064 5091
251 4135
729 6499
196 6096
1499 1979
3104 4389
555 7726
3341 4404
8794 38
2996 1635
538 8346
3 1974
7269 7358
9097 6092
2774 8471
1152 3356
2961 4767
6139 7753
2047 6219
2493 2994
4600 2252
4104 9299
5431 3054
1578 3242
1249 3636
1159 2192
3898 598
1380 5161
4587 9544
2085 3290
449 7735
2226 4741
5786 7203
128 4843
9911 2997
2674 2569
5579 4456
2868 5456
262 8919
1837 5221
3472 1711
349 2522
4830 5472
8107 8360
8987 5867
2416 6132
9317 7543
1361 9157
6611 7219
4812 2601
6332 8291
2306 2929
1606 7899
679 5400
6674 9114
3600 6014
2763 8167
952 9511
2378 9307
1022 210
3853 2273
2241 1868
200 8992
3920 4937
1215 2634
8813 8020
6392 5022
1414 8661
3509 3774
1458 9679
112 117
4039 2146
2933 4479
7157 6409
3517 6209
8511 8295
429 2433
5287 2609
4415 3971
363 9010
4892 3916
1439 3641
1600 861
3 6396
1283 2718
2935 3502
184 9978
5193 8326
7562 2981
1922 1802
1029 9363
32 8986
2279 739
1625 9096
115 2200
190 4666
2225 6248
1670 3723
848 8759
6097 1847
2117 1748
6808 1640
1837 6859
3370 8781
696 6660
8875 2836
3305 385
5757 5264
5318 9072
170 921
5303 7702
7371 402
1079 4049
2491 7727
300 3611
3669 1324
1518 2098
3613 5222
553 5328
1938 5334
1424 3110
4377 3833
4966 3514
663 1965
7938 6755
6963 4173
2334 5149
1194 1774
1875 8246
244 8103
3514 9432
4376 4116
2021 5447
2819 1951
128 6636
5348 2874
4836 6870
6622 8223
2804 9288
3515 8866
7214 5922
3669 9112
496 7262
2099 956
3104 4795
863 1699
1969 2491
787 1743
1912 3159
3389 8986
2660 5183
437 5036
4048 1888
9224 3895
574 8236
4284 5887
3707 2643
3659 2359
6058 2008
2588 3599
3753 7451
1275 7184
3839 3472
3005 526
5736 7786
4587 3801
8111 9357
5383 6660
7809 3023
2665 1629
3496 9440
1118 5701
4301 9632
7387 9922
1882 8624
1614 8469
2846 1332
2229 6114
2627 3762
327 2424
823 2315
1043 5909
8502 6736
902 318
2625 8930
2914 1896
2536 8339
989 1177
2220 2351
1149 8687
47 7860
3115 5710
4545 1860
749 8602
528 4962
5496 7134
603 5613
8841 8478
144 7268
2484 7976
119 3714
8196 3500
1289 6525
5964 9363
1045 5999
1819 1563
3862 2304
2022 4393
376 7752
5948 4162
858 3599
387 7276
764 8161
2916 960
1472 3988
401 1176
8167 8367
1313 9
3215 5421
905 7109
547 8759
1275 2841
2799 4739
8583 2260
547 5114
1153 7559
760 4517
708 524
1506 6170
2273 3532
1776 5904
782 7306
6149 6869
1 6116
847 4298
4197 6295
3188 7220
9294 578
3546 9962
697 8228
1889 2423
402 4050
65 7523
7585 4645
2430 2068
1630 4574
1858 5341
2345 3847
2046 7557
4137 6502
973 681
1991 1715
3585 7945
1060 1542
193 7697
7591 8108
977 9389
2347 7049
4272 9781
2345 5846
1499 3426
209 2805
1898 2395
3008 8972
4745 1166
3326 8193
1245 9898
733 4857
7820 6830
3097 9630
6190 76
4809 2604
3984 6291
1700 8478
6755 9188
2012 7188
51 593
4940 8045
7657 2290
2284 4
1722 4097
2262 1091
1328 1652
6602 5606
1702 1378
9515 923
6287 9393
271 2698
4542 8483
5950 6849
796 8716
6259 2004
2343 9543
2067 4771
1767 7820
1186 1291
3542 1872
5386 8136
7572 3362
3208 5494
2904 7421
3026 5400
2932 3224
7730 8591
2124 8850
4569 2280
439 3410
158 5228
3760 9136
1029 9566
1376 9488
325 4597
417 927
2152 2915
867 2466
4819 3336
800 155
8421 7614
144 9557
3222 4799
4482 7482
3727 4304
8882 2752
4152 7631
763 1859
7603 5350
7783 5932
1985 9940
2821 3642
7544 3762
5343 8796
1983 9811
7283 9251
5754 9375
4502 5679
1050 6294
5642 976
2029 9552
6258 578
2743 4419
1878 6440
2392 818
1667 811
1530 9777
5128 6673
126 3201
8367 3301
1370 8299
735 7556
2300 6282
8162 5979
4685 1610
2874 6247
4811 4824
383 9323
4298 115
1960 6273
590 8508
41 1623
1820 2043
4704 3103
3507 1399
1397 5403
379 5371
4272 2377
7678 8453
8299 1452
193 5348
4028 8115
6375 8756
7471 6502
5204 7808
2369 8731
5577 440
89 2139
403 891
5440 923
1512 2352
6688 4289
7382 8264
3821 5268
268 4166
6312 9337
2071 7152
7770 2352
2695 4984
2269 5621
4035 152
8515 9447
2492 9922
141 4669
2352 6543
2387 7770
1194 2778
1932 2207
3236 9170
2678 4676
4138 4036
988 5225
711 335
1116 878
908 3730
1054 5623
1623 5936
2819 5300
2930 2113
2867 9711
956 3671
960 1411
1208 4750
1156 688
4325 8060
8013 6022
2790 9295
8192 925
3997 1436
301 342
6114 5525
4185 3472
192 3877
69 5486
9419 997
479 4802
4589 137
4034 5913
6918 2309
4008 2218
9829 4538
1642 7203
3425 6458
402 3054
297 7096
8215 6757
2928 6866
4314 8299
762 1247
774 4343
94 5759
65 4665
7326 628
4627 1223
55 4328
3843 1108
590 3171
682 4355
3780 3867
7986 5974
6903 3524
4069 1079
6166 1589
3028 9402
8147 542
2806 2183
132 7143
2541 3381
1830 1635
524 6429
1536 2751
9010 2712
1865 4171
1684 6285
4041 6495
1157 7592
5225 291
4573 6744
1164 9353
4222 4225
175 6959
6854 5870
2566 220
1770 4781
1638 5446
7894 4346
8520 7763
781 7541
37 2329
1306 4743
2674 7309
238 500
517 2372
2011 1402
5450 5947
1636 6492
2542 9322
2883 8603
642 618
5615 794
5160 9425
669 9695
8356 106
194 2309
7733 6487
479 1791
2540 6250
3507 3385
711 8705
6218 3238
720 9781
1604 8050
4142 5315
3660 7292
1939 3474
1778 5267
1747 6843
1441 6140
160 3294
292 7050
4302 9610
560 3090
1354 7903
2822 9050
4602 2135
5781 1463
4092 511
824 5240
9731 5710
3467 1952
3795 9087
1386 5525
22 3045
1598 9034
6944 7256
1118 8292
7488 7988
2158 9449
9393 6858
4933 1678
9070 6168
2295 4143
1148 5210
707 2114
1765 1809
2758 1181
6180 2342
158 1895
3517 6256
8968 212
1337 2252
979 5893
406 2147
1765 6646
640 6422
3873 6521
2241 6830
612 2824
8449 2840
2442 5649
2109 788
4000 452
1896 1249
4146 1196
3377 7532
3448 3362
2376 6889
1393 6614
3520 9080
963 4363
1443 2455
679 2682
2162 1475
3701 7924
6572 2277
2518 4453
5161 6004
2543 9725
863 8016
5330 4423
1465 7645
3780 3790
991 5967
828 9258
4340 4037
2211 4226
1392 5300
4326 1589
499 9775
3714 7139
7177 5879
4583 3061
2469 1368
2204 9796
583 4168
9688 5966
1851 7089
9997 9301
7791 4986
838 1489
347 8878
5412 7372
5460 8746
428 2394
1144 6364
6430 8136
1483 4749
8407 7494
1468 7062
1896 3621
8069 7071
1866 7934
2556 2867
245 4306
1545 283
1582 1103
2138 1808
2038 4913
7278 1134
4329 2924
9321 6557
2937 7852
4144 3853
1495 1686
5280 2579
5857 4729
360 4266
746 9093
2068 9674
3015 8905
5904 1582
1444 86
1659 2156
685 7103
1426 1951
3504 5565
1408 51
852 9941
1899 3368
7712 8121
1792 6634
1336 4315
6140 7901
1875 8400
4437 7152
380 5518
8826 9056
7057 275
2937 710
1639 7130
9803 6170
7950 8657
396 9967
5806 2674
3287 3346
3281 9204
295 1533
1450 8229
868 8716
7866 6547
3122 9270
248 4200
1502 8864
3008 6819
426 491
3425 9261
223 9291
420 4915
2280 5187
5625 6086
427 4983
3135 957
4035 1767
2700 9426
7582 8376
2094 7520
7418 1919
1425 6491
8492 5083
466 2793
386 8712
523 4267
2121 6413
3066 4645
2485 1929
1981 699
5398 6309
1553 1252
4392 7471
3527 1085
2323 4212
899 410
408 5582
1262 4291
134 6052
4628 5637
3301 80
1179 3690
2610 9065
4768 8876
2316 5075
2642 595
459 5387
879 9148
3759 2884
3045 3832
2113 5823
2393 7934
8174 6326
9013 5257
3213 5890
3343 9474
4224 1240
410 5871
628 8362
5184 3074
3178 6902
467 639
2530 825
469 4125
966 8549
87 9474
5476 4907
397 7455
5416 6705
1303 4574
3063 6767
3904 5486
4125 5671
4599 7971
5067 7931
4172 2412
7618 7804
98 4266
7407 8867
993 576
1783 3648
3661 7467
302 5958
1571 1001
5609 6474
4845 7775
3214 9045
7254 25
1515 757
4050 7109
1055 1444
1650 1538
446 7264
2984 3633
3251 3896
1303 1627
3676 9752
1900 6502
4787 9278
786 457
65 5274
1178 9256
6166 1113
1269 341
6311 9229
1325 8760
5175 3703
327 7430
1287 8067
5316 3396
5148 3355
1147 4331
4062 8178
307 5160
2843 4977
6210 7225
3985 5488
3841 4203
702 3539
192 8579
479 6288
89 101
1677 3576
3359 1693
1577 5926
4304 8453
1377 4532
1776 9931
96 8346
501 5263
2081 6594
3243 4862
5062 1599
3883 3837
5189 4253
1703 7674
1004 7087
7910 424
576 5722
2182 8648
4870 8500
4939 7701
1361 8073
1860 8388
2941 347
8593 1405
686 3163
1023 8868
1633 7466
4615 1653
3943 655
3276 2037
863 8231
585 3653
9872 6168
9317 6938
376 287
2613 7617
268 6095
2706 9597
3676 8697
1043 5820
7168 5737
2221 3288
9308 1717
803 4596
3585 1310
532 8161
1544 7352
335 4767
292 1302
2710 7244
5234 4273
927 7920
3154 5420
2941 2125
3364 3788
1785 547
508 7419
1195 2339
6009 2710
3601 5628
3028 1517
4016 9350
4647 3045
3550 4317
3506 563
3928 358
355 434
6009 1938
2588 2705
4762 6354
1713 4108
6898 6073
4483 5110
2321 4494
633 6486
723 2592
6799 2151
4399 6814
7360 9001
8643 8584
4964 3740
2134 9955
2886 8322
1925 7046
7393 5165
123 5347
788 2552
8218 5232
3271 7532
1276 1103
3164 3646
2560 4707
3842 4926
3852 2252
4484 2613
3603 9461
3523 4579
4845 3368
1407 8517
1530 8943
1675 3846
4724 1296
5826 8804
2694 2359
636 2572
1535 68
64 9157
1703 7809
5261 419
225 4626
1626 7998
2303 9026
2579 9564
1662 6453
4473 4886
801 8697
2348 6675
785 1654
4767 4132
8331 2511
4672 1367
936 3061
3979 7981
983 6076
5165 8973
193 8772
1727 4819
1111 2811
364 8952
209 7313
787 5111
3645 8155
3707 2286
5644 8872
3742 4669
1340 7257
6968 717
168 4717
7747 411
1741 2362
2297 5729
1027 2448
1876 6294
1784 1803
1769 6188
1056 8808
74 9071
3882 6943
2776 8351
6768 6059
6355 2156
2778 5104
1630 1221
9182 3287
4159 1090
9910 5208
1773 561
8687 851
1677 963
9265 9058
4414 516
10000 9878
6970 4894
2629 9294
1342 5629
1776 3642
2225 4729
147 1535
3947 6774
6745 4277
2561 2539
327 5939
5212 3988
439 8160
5107 1306
38 5207
223 5775
7856 9482
6328 2923
1844 2201
1121 5077
1284 2610
9451 2033
388 342
7962 9893
7887 7306
760 3657
2198 3847
298 5072
6273 300
4592 4798
1768 2826
549 4051
880 4265
8137 7432
790 5520
3951 9570
7371 6723
2845 7447
485 826
320 4486
3279 5199
8588 9178
75 1004
620 471
4755 9524
2484 8773
294 8148
205 7976
855 1883
893 5204
2217 2148
4797 5200
507 5334
7244 4978
1916 7482
905 7005
285 6136
9349 6282
7609 8097
9755 1417
1538 6610
2111 8664
5062 8607
8957 8956
5785 4270
3424 4447
3782 334
3900 3045
8863 5968
2878 2913
1145 561
2030 5926
772 143
1759 5647
2747 8296
2309 2968
1420 127
2310 1057
781 1959
1429 7302
2030 5732
3027 9946
1386 4647
3608 9408
3141 7504
1161 8214
3479 4143
2292 8311
3421 4981
3833 2411
32 2524
636 580
6197 6062
788 5886
2091 996
3728 3702
1841 4562
531 4937
3949 5005
6827 4324
57 6085
2143 2248
8207 5299
4336 6038
172 2352
1891 6564
786 6057
9084 1186
668 4394
5248 6616
2217 9576
981 9569
8190 9170
1792 1396
299 3832
630 2770
1273 9162
3293 8188
744 4984
2410 2143
1462 5839
543 1404
1171 3722
3107 2771
3227 3611
3240 4780
643 5789
2505 5768
2481 9845
1230 6034
3329 401
292 7617
4808 7062
25 7445
5702 2993
2261 9529
214 6457
789 9935
9158 5376
3923 6645
31 8242
6109 3352
9022 3917
1035 3693
4053 8316
318 5408
1281 6608
8803 1253
5988 7874
187 4821
2427 2219
1856 7915
8780 3559
3721 1772
6334 1144
1112 4043
1835 6164
1111 9306
3453 742
2958 9323
1477 3705
4441 2640
10 8924
732 3548
1746 653
324 934
766 3625
1156 5949
2545 3864
3928 8594
1333 9571
4102 7050
101 3414
1167 8347
617 3206
1711 4085
2015 5327
5108 6651
1281 1536
94 1074
6305 4640
412 8666
3714 1253
3293 7185
7614 9643
8911 2372
9092 8307
933 5522
6651 60
2693 4889
2255 7878
7146 445
1332 1175
3735 2779
2034 729
957 9360
5683 4786
6289 651
904 4732
5529 8410
523 1216
242 5968
1757 3481
654 6199
6162 2699
5013 4701
2405 9087
832 6248
6493 3575
889 4120
1129 4833
9213 3974
2527 478
8102 5377
1825 1450
3495 1979
9855 5951
7907 6965
5470 1308
148 6512
2983 9373
160 2636
8150 8686
859 4886
2971 3741
3480 895
3208 1736
2859 2501
1319 6938
1237 9007
1017 6337
934 9704
6919 7651
3019 6455
1513 1831
432 810
2025 10000
3927 993
712 4863
1308 3954
9286 9931
64 3249
1544 8151
1741 8992
1325 1019
830 2568
794 7513
3328 6226
2492 5152
5021 949
2541 362
2928 6711
6009 8578
676 3416
403 8050
983 9837
1506 709
303 9338
3947 283
1592 9201
2768 233
1436 7841
2311 5647
472 1660
617 4511
1478 576
758 2410
6562 1891
1790 7394
2846 9078
550 3405
407 7811
970 3269
6972 4139
1089 1533
8289 7671
3999 1651
6212 6903
3966 4368
793 1361
3275 9902
872 8559
77 8782
391 7825
139 7455
1457 7140
1925 6619
1755 6889
1963 7223
1866 3517
7891 9952
960 9262
1685 1556
5272 3985
1078 3876
3344 6550
280 9325
623 1384
393 882
4076 9505
6870 5773
3063 6895
4861 8546
600 700
2856 7620
774 3483
7309 6183
59 831
1776 9931
36 2215
6003 1755
3317 6916
604 3567
69 1687
3123 1132
4161 3910
1917 4942
4721 1856
4093 6776
7313 85
2250 7747
5564 1512
3987 9803
1094 3010
4898 5571
617 553
489 1892
8971 3984
443 3029
2823 6720
8828 5240
9549 3767
2559 2578
9074 7492
584 5413
8412 6952
2542 206
5004 6672
2250 3702
84 8282
7557 5909
7715 138
1627 3798
910 2601
2763 3393
4275 1440
4092 524
200 7923
33 2815
7158 5626
485 6007
1341 4483
5664 8474
410 4054
2659 4679
5961 3924
64 9471
845 1116
3602 9425
4640 2693
4115 1128
750 8723
5887 3983
3160 7873
2461 4515
4035 4410
5176 9046
169 1678
7271 6363
5630 4081
5065 7580
14 6891
6042 7316
6771 83
612 1944
3734 2463
278 1166
8433 1737
2172 8876
1316 2844
399 8952
4081 5567
6609 8195
1723 8931
2159 1188
1334 4738
4521 4042
347 5887
946 5890
49 5385
1074 378
4510 9479
2513 1956
9698 5941
4578 949
3572 4238
210 5735
3743 9387
6044 3071
2603 3060
946 5581
3014 3056
782 6639
3591 408
3705 6039
8021 2829
1590 3686
5715 8658
1587 1983
464 4352
2005 9555
2753 4856
1022 8066
5275 5795
4135 7252
1651 3478
1030 9160
6576 9289
144 3225
5257 8347
584 6229
4026 455
377 6524
875 4803
854 4292
2477 7249
600 2008
2347 9729
2088 6882
2858 3932
3692 5686
3536 9151
7151 4115
816 9326
4561 3638
1830 2029
195 1646
1560 2043
6874 4106
2395 3675
4069 1832
3449 2198
5375 9370
7284 1929
4992 2252
7873 1290
444 7782
4578 9458
2144 5026
5440 2365
6337 3289
6668 7957
2527 8015
5567 6126
899 2319
1527 2471
4950 2234
6673 605
5463 1959
4057 9702
3241 7333
371 2604
2873 4894
966 4699
564 8088
331 5501
2767 6123
8720 5135
955 5116
1153 7762
3118 520
9061 176
4958 5176
9370 7187
533 1575
1332 115
4113 2256
310 3165
104 1360
9052 3085
972 2482
5791 1289
1422 2912
794 3541
317 7222
6293 2808
623 3794
655 8667
1495 9322
2914 5420
2188 8860
238 562
114 1543
223 2004
2876 1171
9074 5702
52 5701
5274 2601
7939 9745
800 7908
48 7990
2031 3718
6178 9144
4058 8236
9665 7743
3071 4520
676 1716
3292 2498
3928 9716
699 1923
2114 3404
9997 5525
3599 857
350 9736
7976 3558
888 1474
3592 3557
1697 7609
2695 9929
2374 4946
2754 9688
565 7798
1056 9221
9212 2682
1923 7067
669 4576
643 8341
2535 781
3856 5763
639 8202
1521 2137
3073 5040
2492 2554
8124 4964
4075 8674
3382 8908
635 9221
8759 7789
126 6277
355 9041
3257 3385
5728 1653
4237 2275
755 4789
8507 5919
6600 8749
1434 5257
2107 8810
781 1554
7084 3971
126 823
7241 6654
4551 6429
1988 2305
6370 4981
9663 2745
1491 4586
3107 1889
3625 7860
3378 4665
132 7760
4500 40
115 8565
8598 7612
2726 9004
6800 4917
4500 1183
1717 2819
2283 6975
7412 7275
3220 8295
2854 3817
7024 7031
4006 2691
2602 8579
2826 3027
1817 5443
1702 3981
765 1959
1793 8470
7007 167
293 2501
2039 9796
3414 6326
9072 433
1812 9687
1041 4321
1566 6492
2003 1740
1505 6944
122 7313
5105 1376
9230 7160
3583 9943
320 9285
4706 9155
899 8212
1341 8021
1193 3642
969 7777
2816 6044
8770 9428
526 5038
3281 3280
324 6077
1954 4083
2558 9932
2696 6349
1510 3682
1521 631
2373 4943
1141 8943
2811 6423
2153 8657
2833 7897
1201 6247
672 8617
32 4845
142 7492
6776 5851
1222 3153
2759 1359
2597 5664
6432 8969
438 6041
2411 2148
2170 2640
359 4543
4710 7511
1372 2897
5574 5725
1433 2254
4881 7062
341 2360
112 6407
442 1334
2863 752
1859 6113
5162 5888
3296 3821
2256 9212
457 619
803 7218
8799 7091
1262 7013
4252 2800
3589 529
682 2615
1535 948
1179 4240
9918 3583
6 9363
7908 4401
1029 7332
5518 6775
3127 7092
4284 6543
293 5871
521 9462
7258 233
6185 1951
9963 5823
6548 8325
3893 2663
8090 9776
5681 3640
1354 2678
2565 7898
7606 1457
2748 4942
7636 5278
2864 5019
1729 9595
105 3652
917 3290
432 3346
2658 7924
7064 2541
156 1085
2313 6516
4547 1038
2243 575
5759 607
602 812
5205 7076
4850 6882
5283 1358
415 1301
4021 9563
2255 5049
2704 7733
5824 4133
603 4968
1609 6769
1603 3508
5640 6105
5001 4402
7673 6557
2476 8650
2419 5829
3419 6763
4804 892
805 2240
4879 5021
3165 9561
892 286
1990 8865
2228 7280
2322 2824
3565 8586
1927 6996
880 4865
1873 3609
1486 3393
5179 6776
658 771
391 8727
2742 8149
844 2333
5284 8925
1927 5209
6178 9455
6931 7622
4665 2884
536 9543
5083 2392
869 5226
1368 3288
1418 8225
5432 6943
440 4291
333 5871
4968 1056
3116 5131
1276 2979
3705 6926
3797 1653
2351 7918
3158 807
2170 6547
1005 6823
125 2617
5189 4227
1149 3883
7739 3450
8102 984
1138 1965
2343 9289
2961 8712
1735 3
4365 7723
1839 1411
6081 6188
2638 8034
3321 9471
5474 3599
2939 6542
9062 1419
833 1479
6186 7076
1790 7873
215 554
1600 1449
1715 1597
5651 1373
170 4856
8309 5070
1561 2941
4388 538
6449 1365
677 7095
7750 9520
1997 1918
30 3087
3727 1914
2447 2090
4985 9306
1530 2975
7843 3158
655 5813
3569 3683
6101 6531
2260 1174
8283 1792
476 8144
8297 3337
625 5755
4913 4184
2018 2259
2858 7578
2920 3888
2174 3972
327 2460
221 2156
8329 2210
1765 387
4671 3477
151 5230
4642 2621
4968 9141
1022 6399
3399 3928
7907 5554
2365 139
1309 3970
3163 6347
6546 3221
277 6229
104 4083
1526 5936
2148 5571
646 3518
1606 5909
2890 4028
8353 5038
76 9125
1884 3428
1416 4747
943 9668
6753 9244
192 2232
4137 4989
3428 3139
2798 5327
2574 7638
2814 9541
3069 9032
740 7490
7070 7085
662 2566
9022 7218
5073 3144
4742 7089
373 4568
5409 5554
5885 9373
4809 849
66 3972
890 4676
2531 5968
1208 7260
3063 7492
4811 2055
1987 637
154 269
1214 7723
927 314
1010 6026
4907 1448
9151 6042
4835 1491
3439 2745
667 3831
5625 5435
5278 6588
2974 686
78 2056
1444 9531
2051 3627
1862 6041
4574 4384
4314 5177
7016 6544
4310 9349
4724 8763
1399 7421
9675 6312
6062 4855
7793 2982
934 6257
9134 1886
4568 9208
1821 6311
334 4781
7126 4907
5804 9101
8143 2204
623 1786
1247 5569
7547 545
715 931
35 6614
373 6875
5045 5719
1252 6096
801 5472
1209 1917
319 1640
1090 2231
1311 2148
4856 7534
371 5938
770 9277
2704 5232
1272 5894
3031 9700
910 983
307 7565
459 7986
1174 130
1286 1757
1585 5201
2307 3916
815 8376
23 9664
74 592
4113 2954
2763 3387
620 7417
2762 3251
3740 1765
3617 7537
1428 2561
4950 4043
4319 6655
3291 5141
1029 6616
6007 235
792 8835
4924 2938
1432 138
4324 9637
8398 7220
2737 4846
459 287
236 7095
4707 3356
1168 3732
332 5750
8408 9041
95 1335
2429 5934
2489 5697
5358 179
1117 4314
9385 8367
8207 9278
3764 2649
8285 816
4457 7365
78 5610
1600 4914
3079 1211
905 2981
6290 6842
6154 4768
6507 2661
1498 1360
1348 2284
329 1519
1760 5905
299 9685
1789 9802
4380 4740
748 5013
9670 5663
1889 6542
3934 5968
986 700
542 4820
4666 3667
3672 6603
886 6499
4850 2201
4261 3335
2263 3762
217 1098
2016 3611
1094 7141
886 7670
3184 6492
3831 8858
537 8711
900 1247
1468 2857
1137 3123
5482 8335
24 8431
23 8282
1637 3625
1360 8606
9650 9381
273 9950
2136 687
6427 5725
722 1684
1080 4974
8463 8782
3909 5377
1065 2787
404 5898
1845 4038
484 5567
509 1074
1312 1864
5207 9275
4940 5036
6564 2161
6550 2156
2471 2736
2012 7945
2052 8230
367 2686
829 7702
7392 194
2188 7027
894 2315
1737 1048
2030 3244
433 6465
8535 8796
7880 4102
2190 399
5731 3658
6274 639
1266 168
1299 2985
1941 6500
4555 9618
3694 7865
8330 548
1059 769
1213 9750
240 1766
3468 8657
6726 3725
6417 1039
3164 9865
1355 1538
3588 2888
3117 5716
924 7417
537 4227
4115 1849
1537 4544
4462 8223
347 4405
569 9316
429 4729
5274 3341
4875 7633
3521 6746
490 887
566 2472
804 6371
1510 8871
120 2812
3576 1297
4916 6184
4899 6129
8931 5430
1157 3950
6724 4533
1014 2517
3441 8137
4146 7431
6465 4727
4152 5104
5117 9186
1895 1928
8318 8493
1478 8066
3390 8079
27 4641
4671 1644
9508 4340
6364 3065
708 7445
2468 3476
991 4768
5887 71
3907 2581
1588 5201
1057 131
1816 4197
3511 8321
3450 7568
7873 7248
2196 3088
1860 2316
1507 2682
1361 9005
1153 137
7017 7533
5113 6115
2244 424
1601 8761
3212 6923
701 8120
317 1097
857 7392
986 9147
380 9501
24 2873
2896 5467
1646 7180
940 5521
133 7557
1473 6891
8259 723
1865 467
394 9359
2487 2312
3354 7486
6793 6556
5084 3851
655 9823
1609 2094
352 1652
5515 2734
3472 3640
2572 408
1215 4704
4883 8048
1865 5253
1754 6728
3905 8895
1135 4493
3179 4853
3421 9626
3149 3466
3107 7088
1140 7388
2247 1768
5957 3301
6381 1453
5767 5890
817 7945
2471 3478
647 4669
1105 3721
4559 9568
195 3137
131 6049
4150 1676
1818 3534
1341 3614
174 7625
5260 9839
5628 3088
2455 3027
5580 681
90 7614
1346 9518
8324 3622
3108 4013
2019 6646
339 4412
1062 900
967 7893
585 9507
699 7826
139 7076
2102 6431
2094 6196
1407 2696
501 7808
6934 827
1845 2573
233 9084
1290 2698
6370 9998
1517 4238
2131 9973
5914 5952
1594 9254
4264 2648
690 4287
1611 5199
3249 4154
13 3130
3835 3975
2403 5671
1040 9644
3261 6423
9673 1627
2834 2683
2618 5958
210 3558
1801 907
272 3565
232 5859
1051 412
2199 4135
6175 8569
4748 937
2262 9912
1496 869
655 1266
2069 9207
296 5682
5250 5759
327 1285
60 12
2080 2364
5473 6814
783 5913
3172 2106
601 523
393 9795
868 1118
3897 4463
148 3267
3980 6197
466 419
3406 1006
1172 5566
896 5709
2449 4245
2710 7862
6076 4198
1754 4102
9721 860
3693 8488
152 2234
304 5482
3186 2325
8980 4711
1344 9402
849 1927
1803 4561
1559 6144
1780 800
4037 8743
682 9490
2892 1047
1841 5533
781 7262
3403 6218
1498 6701
1728 5578
6106 2284
5442 4580
4130 131
8283 4297
54 3660
732 1323
1240 3274
2783 7772
3689 193
7910 2481
6225 3105
7728 8360
1269 5380
2040 3253
521 1798
4722 6010
3772 8761
9553 8417
1042 7716
5922 3798
3147 8533
3411 8153
2633 9026
7973 1194
3664 28
2464 5268
8079 3796
3128 5294
6747 4225
999 8088
2919 5548
2281 9708
9944 7046
5738 691
4746 7342
905 2039
205 4272
2963 2771
1906 2874
6484 6955
5695 779
3525 7751
146 6599
335 900
1410 2891
331 7915
8018 8855
2625 3548
4181 3580
2141 9183
29 4207
9752 6166
2177 1658
3856 2273
18 2730
146 7385
4591 2314
96 6969
1451 3547
2932 5132
2576 146
5445 5565
1817 8970
1080 2112
2271 6633
233 5627
5335 362
172 904
5 5673
6870 4841
1270 28
573 3905
172 4538
358 5039
3693 9965
4429 6567
1157 2699
786 8925
8380 8361
1033 5846
8714 1664
871 4500
8857 76
744 2289
1888 7619
1849 9578
3136 183
8373 5365
1554 1082
2426 9689
7620 2488
4631 8161
2679 519
2335 6904
1465 8340
3736 9778
8907 2622
470 1023
2695 9972
7876 6486
1502 8785
4422 8799
857 2669
1536 145
318 2673
4894 1479
4095 3805
2607 6870
6012 6854
203 3354
2262 6051
57 9668
1145 7226
3247 3311
5365 2480
1029 2077
1259 1868
4837 1534
4579 1305
8594 8780
6468 4328
3287 6608
2514 3864
6747 8109
6587 8190
3006 3357
8100 3262
2237 2817
515 6070
2997 5989
9677 6136
1507 3802
3764 4400
4827 6015
9918 6859
1695 6288
4043 2181
6701 1013
244 6232
6733 3167
618 4749
1598 5730
418 5821
4258 6934
3153 5776
2265 4691
2818 9038
935 7527
2963 8068
105 7987
227 1763
663 1453
6055 8587
893 7400
8262 4222
9251 7601
3555 9408
4448 9903
9450 8878
3382 523
5628 130
6579 3659
996 8739
2749 5256
7198 3841
102 9312
498 3399
2413 1007
2713 2370
2243 8776
1717 3484
1341 3354
3990 7336
7106 5494
1666 3954
1244 2013
5337 3859
438 5544
4912 6975
983 1757
9867 5276
4568 7218
3604 4245
982 9500
2773 634
5323 573
308 5888
2944 9069
588 4727
278 1798
4998 6008
4737 8177
5654 2079
2088 8890
1068 7537
7548 4532
792 9974
606 6840
4023 6834
960 3309
5311 2652
1541 9130
1577 3687
3448 9014
3592 6693
2623 4846
4203 8182
1374 1968
8375 6516
1086 7636
3537 1540
4417 6585
3371 119
8996 9216
1047 7574
1501 3065
8 925
1898 6712
2454 2122
3233 8804
3449 4782
2964 5934
6178 6414
8883 1283
3939 4427
3707 2677
1330 1303
4111 6104
1808 9783
1047 4880
1854 8403
5297 1311
2645 7187
4760 7543
1028 5741
91 3757
4133 4355
1177 6850
3845 425
3721 9439
940 1903
5642 9681
7784 8260
372 557
1475 5912
7040 2498
1093 1709
1834 5763
6379 8195
715 3845
3297 3785
3633 2531
137 8270
2813 3548
74 2316
2696 3684
7461 7736
3293 1702
444 4521
5082 2223
3935 4634
4106 4812
135 7360
2274 3020
1301 57
141 8296
8082 5519
6407 18
6045 8681
5596 7491
3174 381
3285 1160
492 1701
2963 9925
5042 7229
4377 3552
4831 284
1305 2452
1480 4809
792 8639
1979 3278
1387 1905
1492 8599
6052 6547
6243 6926
5755 2213
364 273
675 6422
4319 3161
2946 6798
59 1713
1862 3939
3924 2358
9773 3990
1826 6605
652 575
3336 2099
673 1748
8343 4365
1004 2103
5679 6375
4128 7360
3856 7721
580 3391
1448 5672
5352 9093
2235 7266
2278 9943
299 4262
3983 7242
4590 5121
971 6949
530 5322
260 4691
4423 1174
30 1157
255 583
1566 7994
544 4990
1041 142
5675 7646
4791 9923
240 6796
4273 6247
6702 3360
7761 4974
137 8951
3906 4713
2512 3931
244 8767
1801 6240
2505 3159
2102 2819
1835 811
747 5818
7391 7587
507 5982
3691 2399
1866 8791
1749 8885
2263 1677
2513 9226
4311 2698
5139 2787
715 5044
3793 6101
1987 386
3698 4066
3780 7188
634 740
181 4543
3843 8777
2316 1815
4786 9059
560 3249
4630 8459
344 4159
8050 5318
9862 3695
1343 5733
7241 6241
4047 8595
3571 5530
2118 4103
2739 1005
3735 8347
477 3516
3341 3680
6567 7675
424 7782
833 4677
452 4204
6357 9852
292 5215
2554 3380
4030 2217
8429 2924
2446 6786
562 5036
6934 3082
3199 9039
717 916
8687 3607
694 3750
508 1509
1912 1722
1602 1389
2439 9893
496 4270
1066 3013
5533 8377
1299 937
4329 6635
3146 9150
218 2833
390 3032
484 4845
864 9562
1585 1126
1229 6371
7079 5840
8389 2858
1474 5220
1104 3608
2480 338
1954 3922
1986 8121
1151 2230
6555 7908
1335 5179
8323 6371
3449 7370
3235 6196
2169 5075
2029 1225
435 9238
1260 2155
5120 8121
839 5637
304 3416
1839 2940
4395 4130
1317 7126
3632 4687
1094 1176
3291 3389
506 3680
3650 9510
1339 6540
9899 8851
5731 4921
855 3399
851 3533
4057 7286
8234 7918
4995 7983
760 8882
4142 970
1783 5405
488 6519
445 9353
1565 6036
1717 8754
1834 7997
8475 9304
1558 2996
1928 7786
3661 6014
9064 8223
487 7204
1899 9789
4529 1124
7329 5154
1419 67
12 6946
3931 6173
7940 5209
8194 4964
4856 1979
9794 5135
1375 484
8041 4266
6189 689
5913 4309
1806 4191
7575 6063
2782 8799
4017 5039
6197 1702
41 6408
3932 6512
1157 692
3678 2534
1133 8628
6141 7344
5867 7946
1738 5376
7981 3196
8013 30
7127 3104
1967 1436
3764 1979
4704 8206
7374 2371
1994 9688
497 9797
1957 3847
2853 87
9609 2778
3777 8242
4336 806
3808 3834
4896 4180
4568 6504
1096 3493
1696 1698
247 6420
162 7864
7086 2183
3946 6930
9496 7910
9235 7316
5409 6298
8647 9540
7753 3827
2676 2638
4705 3636
2842 9544
2329 6327
2103 4567
196 1783
7321 7306
2560 1278
3537 5992
3 2812
2520 5188
618 5773
6192 2620
385 9638
1825 1484
502 1316
3976 4383
1016 1751
5256 2030
5976 4587
3929 6999
116 7129
1339 7363
3716 9229
1384 7585
2140 9260
1321 3703
1112 7964
5486 1311
8329 5328
301 8287
2088 1051
1246 1141
1550 4976
6377 9865
2731 7883
3122 9013
608 8641
2600 2914
3384 656
5443 8190
2287 5702
3077 5304
4886 7485
236 3335
1706 1473
1972 1831
1809 6564
4234 4319
2644 7174
9525 3073
50 5077
131 3181
3524 447
115 6638
942 1674
4465 9659
4928 1898
1808 7724
53 2905
2665 3129
369 3280
6333 7433
4583 2052
1111 4298
1162 6190
783 6980
643 5155
6587 6908
1994 6065
7151 2412
532 1878
5947 4891
5998 5612
1748 769
1031 646
493 3114
6520 5320
1696 273
4647 5566
330 817
4072 6484
2003 5390
4737 5398
1753 1289
5110 3426
169 4076
3374 8160
9775 7437
218 7050
1866 628
323 2634
1808 70
4088 5722
9028 9056
21 4828
542 2870
4962 3616
1931 4177
432 7042
4286 8499
3553 1664
6003 1117
2234 1095
4608 3755
1885 5252
3876 9387
2956 8400
2183 8852
4386 8194
147 8906
4660 6754
4771 8549
7106 1788
124 5323
1467 3346
2528 1114
8067 8216
5819 6645
1556 6494
4022 9999
3643 7950
2994 8164
2572 6043
1793 6431
1783 7266
8079 8907
4586 1324
6150 2837
1379 3421
9982 9708
7681 5914
20 7969
2274 6930
233 5610
9483 2178
2750 4371
5672 3254
174 4534
6106 8963
76 184
955 4155
3651 6886
149 852
158 6088
1320 4936
789 4886
591 1588
373 1651
8829 8954
2173 2686
1423 984
5119 7997
8516 6825
9115 6151
9477 8496
3273 7270
92 2929
4954 3505
4412 1003
2061 8990
5635 4272
3127 9605
5606 4812
3339 9907
2303 6890
2628 5423
874 4874
1021 80
3625 2821
9331 2721
793 5694
3194 6337
1438 3243
235 8097
3717 2583
3418 8991
4282 5682
7927 1596
2148 7421
1369 1976
5771 1240
7635 4422
4227 5850
4921 630
2327 1782
2712 8761
2160 55
1582 9007
1654 8919
1417 6380
4435 6060
2309 9713
469 7247
1542 3649
2813 6919
531 2402
232 440
2374 3538
5969 3593
7938 3547
5780 7292
5260 7315
5832 774
3517 8949
596 5297
1231 7487
1343 488
1834 6397
1627 4815
1288 4543
7349 2673
555 7034
9077 473
1578 9605
737 5648
2339 3910
5136 9811
1933 6170
990 9517
4662 9254
5970 2143
3626 8670
3973 3211
3949 4292
1547 5491
671 8787
4498 57
1664 1512
790 7620
456 9343
1626 2383
7850 3258
962 1959
3712 2531
6702 2234
1724 6677
1604 5062
357 3206
4966 7938
680 4168
5727 4298
7022 2571
4063 8757
3710 1231
1264 6165
1460 9670
2271 2672
869 575
1224 7597
1580 9448
5999 5186
1883 7238
1173 9501
21 3454
218 828
3293 8593
4891 9565
3705 3920
3478 4626
1239 6531
1640 4315
779 2477
6717 8163
2716 1933
4883 7598
215 1222
7 3222
5078 9553
58 8379
227 3360
4831 4169
833 8800
824 1125
4294 8577
5400 4085
4754 6324
9270 1702
4895 8578
4370 3932
504 184
2189 265
1425 3492
837 4287
5287 1547
8124 5370
2451 894
3247 3335
2465 4631
6286 4988
3507 5461
9221 3797
939 461
5043 95
167 7659
247 6547
279 5052
411 170
133 1922
403 4112
3099 94
3368 339
353 440
3535 7289
3355 9873
7351 6858
1331 5564
1391 82
2579 189
3436 3448
11 5668
7505 7188
1394 5821
1341 8902
2001 9240
309 9892
6644 5200
1519 571
7102 602
1189 1670
1977 2115
3343 1999
2939 8642
3241 8134
6695 3814
4109 2170
3835 4676
2615 3577
1567 5595
888 2414
9661 9033
2579 3239
6034 5929
2096 5207
4851 2551
1806 4175
849 1753
117 1920
8475 3215
749 5971
6982 5463
7184 6594
216 6299
7279 8259
174 7089
4964 3664
2273 9833
3100 5579
2815 7016
2803 8638
5582 8734
2260 8926
6155 917
1641 3489
4166 8922
7737 9311
8836 5703
3 179
4420 3295
1193 7786
246 2336
4281 9411
3714 8669
4229 9374
3399 9902
4564 359
6025 3612
4629 1366
6067 4501
2226 1511
1974 4041
3794 8004
4784 3849
1450 8635
1931 336
5190 4928
478 1037
2536 6780
5311 352
2560 5860
8381 6612
6381 6709
524 5207
4266 6491
7687 5236
871 506
6942 4136
6232 5186
188 3746
8446 5738
2879 9673
7364 8275
3911 6594
336 3518
1562 7594
325 5390
6227 4145
1595 7011
6623 4333
2813 3072
63 9175
2237 2652
3043 9491
1407 5879
5727 1357
1135 3695
1307 1629
3845 609
2057 9578
325 6809
1759 1302
1016 9594
850 1739
11 4390
3750 6363
4366 2965
3157 8074
5422 168
1844 1938
1875 8332
335 1102
836 7669
8549 2501
9397 2325
2310 6028
1404 571
5374 1096
919 7961
4077 3111
1742 3418
1657 8997
3719 2204
673 6193
204 6411
239 8243
9359 4760
2854 682
2772 3629
593 9137
842 3390
3034 3562
2 2301
3696 7281
604 5624
19 7166
1771 7020
2328 3224
2468 2098
5661 8486
4146 7150
750 4093
3807 4152
4319 6687
5185 170
9353 3919
3215 3607
712 3385
848 8079
2677 2356
3416 3692
1909 3940
1634 6843
1322 3932
1030 4633
3102 1774
600 1988
2916 427
7820 3285
6175 737
200 8645
1235 1025
3700 3796
391 9092
6247 9655
187 3961
1655 967
519 6664
2089 5882
946 4776
3198 8459
98 5070
981 5489
1135 7014
680 8226
1742 8145
1470 8968
1550 8293
8688 2599
336 6306
3758 8349
730 7116
663 8142
9630 7406
4451 760
8154 57
1492 7790
2528 283
106 3003
4112 1906
2278 1274
2110 5558
711 3917
2785 535
3974 827
2213 6637
2842 738
2145 8843
3847 8737
5403 1494
3477 2196
3346 6514
7809 8070
1075 3406
5026 8476
48 7384
6148 7081
298 3485
57 7353
2551 4319
4677 3739
3339 713
4738 8539
2492 8403
673 5012
3198 3238
815 7698
201 6620
3844 6387
4942 2925
7572 8590
719 284
5724 7687
876 2262
244 4877
747 7354
3238 8796
8734 4368
6318 8130
2332 4285
590 2391
8868 8062
419 1520
12 9673
290 4078
2646 4571
66 2918
8669 3026
6698 8879
1149 1640
203 844
2470 4811
6908 149
6268 3739
2716 5722
9613 9299
242 1792
9119 3960
574 4174
2945 1906
4654 1311
3350 4021
363 3760
418 9842
2159 4289
913 1808
3707 4634
7780 4412
2582 5490
3695 9462
1084 2354
3487 8419
468 233
6697 5501
1390 6548
3558 9711
529 5051
997 1189
6337 9564
1868 5221
9191 7286
51 5241
5104 3068
1539 3156
453 4578
3126 2352
9411 2189
2403 1127
996 585
3028 2476
8596 3049
1647 5925
1697 2621
3432 1102
4614 646
2504 121
2896 561
845 2673
1010 2301
410 8926
232 2356
7896 6482
223 7501
5758 252
8554 2165
672 4328
323 1942
3336 2754
4012 7305
3663 8120
3246 6150
89 5641
1941 3313
2466 4701
1559 8391
1901 3359
17 2819
9227 3571
7693 6574
7539 1818
2219 353
4267 892
2129 2293
2443 2674
3169 7459
3700 9657
5725 1024
819 2605
4780 9553
5668 3845
3909 7745
1400 9753
8238 1656
1314 3945
5946 7309
5530 4358
127 2517
2266 189
1691 188
471 1829
1911 5996
811 3561
3032 7364
2293 4339
3648 9109
149 862
1316 1973
2648 2711
6923 1452
3372 4203
7665 7662
3320 7110
5494 7903
2826 3815
2753 8019
3825 9299
5619 834
5288 4983
1381 3025
793 9532
75 4932
3819 175
1754 434
2466 7927
388 3653
7109 8131
336 5498
6394 6739
8256 5121
3287 2344
4253 9527
1466 1322
1452 9805
1728 4582
6333 4435
2210 5502
4371 5743
8155 9776
5585 7175
305 947
8577 4362
2673 727
1608 3100
9474 6664
2058 6229
58 2445
913 77
270 7579
651 6965
3651 2336
358 5566
5688 1737
657 3489
8055 5437
5440 3288
1055 4975
5085 1687
1499 7734
1979 2582
2340 7331
4611 7574
3240 8413
2330 7332
4945 4041
535 4465
6560 7383
8310 4926
2796 5880
1613 2935
1898 1960
1844 4783
1239 7160
8494 2329
3512 1291
3043 1449
2448 8731
5602 5490
850 7954
76 774
734 7022
9987 8699
5345 8092
589 517
1814 7943
3132 8463
4790 4595
1961 6874
3776 5230
1239 2153
536 5583
5839 2275
6411 7069
2941 4105
450 2340
1736 4507
5438 2501
8735 4398
1255 6181
7969 671
2389 2286
3068 445
4939 1639
2133 2079
2359 5131
233 1563
2961 9821
3805 4324
1813 9518
2261 9911
3078 8905
3026 9370
1466 6904
7746 8164
6471 9333
4580 5840
4049 8653
4803 9321
7466 8380
4220 1707
4467 9355
63 9205
690 9393
2869 104
55 1764
2040 259
155 1446
186 4409
178 1400
169 5833
3812 8744
7089 7728
900 6869
3038 7485
433 8464
2777 7421
3612 2098
2422 2144
730 4435
1170 6703
1016 2199
756 330
145 3547
3208 1814
5357 9432
3232 3297
3512 4251
1080 8620
1193 913
8884 6619
9563 8957
1375 7880
2588 1516
516 739
3593 4740
5382 9060
4220 7289
1066 5850
3394 5273
382 4383
3046 68
5477 8895
827 8393
925 1864
5112 4278
8898 9577
4398 8642
91 6758
3579 418
604 601
277 6043
3089 5087
7982 4149
7237 65
384 7876
1324 3495
6849 1451
3056 3191
4164 534
3213 7809
321 3527
9964 5871
2510 4010
5012 1772
1984 5623
7000 5488
1309 3561
5987 3932
1398 9871
5007 8269
4066 3589
2940 3020
3204 8510
2177 1400
1325 3789
355 4501
7986 8175
4391 1640
1197 2185
3093 4937
8160 7471
1041 5172
1504 4244
187 928
7122 3894
6526 5164
1438 3427
3748 872
5343 3309
9633 339
2199 4262
4598 9878
417 2072
3837 7763
5037 79
2273 986
2732 836
813 2905
9690 4454
5035 3640
2502 5959
2969 3437
7289 170
107 4656
2015 566
4687 7670
6869 235
1587 9510
5956 1470
5593 7939
8719 6247
3421 6184
8166 6261
4903 5646
9071 607
6344 6393
3373 8308
7145 9778
7910 2624
5952 6423
116 9356
3826 8319
2607 4139
2606 113
2138 9104
4875 6956
9117 1618
218 3401
874 4091
2603 3568
2600 3570
4640 8520
1507 7029
585 731
115 4730
3072 4406
3675 8362
904 4676
233 8761
57 2081
294 4824
1757 9302
392 4633
9934 1097
429 3852
9533 3848
1295 8292
48 3672
5244 9331
1452 804
31 8413
7265 8115
4594 6916
582 89
6606 423
895 1981
221 623
9132 3220
3897 1638
4451 4701
4515 5035
1530 9544
1991 7184
2495 1037
1046 681
4764 8052
9286 4808
136 8133
3650 6090
1344 7646
4803 4045
4105 492
704 9115
357 7322
2294 7531
7215 3004
192 8363
1609 1776
1687 3101
1408 8530
1493 7601
8004 3704
6324 1059
703 1400
9010 6985
721 2849
7002 4447
2918 1864
7867 7080
165 8441
893 300
1458 8364
7052 776
34 9265
5211 7089
1910 7710
4926 9719
1188 5062
3965 3894
5478 4628
8572 6630
619 2942
209 7350
449 1792
2099 7796
5813 9629
3096 220
3028 5633
165 9411
74 1176
209 7841
3280 4392
218 8665
2834 4781
246 478
2067 96
1738 2411
9389 4846
4180 9639
7405 9826
1111 5618
608 3211
648 9948
1160 1366
1469 4210
9979 1524
2192 130
8289 9626
3021 7322
6246 3101
468 8416
4568 1229
2661 7788
157 2573
115 7455
1802 6462
62 5160
2036 1019
7022 5255
2121 7212
6129 2273
4495 2197
1458 757
269 6098
184 8623
1818 7853
5761 6163
977 8733
56 1225
1551 9583
1391 8525
2386 914
5606 9626
9196 3774
6146 3877
1148 8297
4969 3451
548 8200
838 7645
1567 9124
2220 467
9751 1833
742 7645
2912 8373
1122 8401
1274 9698
7134 1231
4318 2461
8974 3003
6227 8978
4702 9203
38 1122
1624 7971
4180 8056
766 142
7674 1717
707 5123
6190 3015
1986 4693
6789 3597
5440 2556
2529 5143
1969 3932
3152 1054
5091 7619
30 2529
2459 1520
2235 7244
246 9008
1663 9280
3211 2927
5090 4054
7354 9659
2959 9010
1427 4120
7437 8121
261 4356
3356 4759
628 3594
252 368
4844 9674
3928 7791
8547 2821
7825 5565
8395 9714
1313 8079
477 3723
683 4930
1182 6925
458 4623
7172 8119
8176 9586
5590 9698
1404 2587
1613 7469
6301 4121
7437 1340
3823 701
1318 7830
3375 7439
2326 1229
483 7252
1961 6096
6385 3387
4448 2778
3226 7430
1800 8324
6250 458
1005 4270
8113 6717
432 2248
8993 8446
497 842
389 4133
7831 7406
2262 7346
4446 3014
5408 9894
1266 3429
3966 3158
3362 5813
3717 5308
79 2641
1695 573
4477 8987
1565 2460
2506 8388
4812 5762
7277 3593
1929 8018
3130 3730
2210 8291
387 8579
7222 7785
2780 1502
3054 5000
2283 3565
7005 22
5137 7689
7177 7927
3027 1815
4613 6960
212 4747
1076 2059
4470 3742
825 1962
173 8881
131 1764
433 6276
3999 8966
4487 2721
6240 9907
841 3637
5524 1571
2161 950
2735 540
2181 5169
5063 3947
5557 2634
67 2220
5808 5942
2016 8024
531 1640
4541 5914
713 3163
116 4936
3694 3295
3997 4983
128 2545
3290 5328
3077 2329
1435 33
3485 505
3289 605
1144 38
287 2156
924 7298
845 9902
3048 1098
7169 9880
583 4726
663 1659
2212 6779
334 7033
812 6174
3096 5656
3066 6484
1623 8796
1842 9299
8195 1710
3308 9056
1458 6240
2026 1231
699 7610
287 3258
279 7697
2834 6833
3333 1503
5280 3687
2049 109
6562 8232
8202 2237
6765 9102
763 2304
5297 8398
3994 2896
1035 2192
3683 1221
3814 8294
289 3507
3220 941
980 8313
3720 8446
477 7393
392 2012
7529 9190
3404 4874
2888 5675
1026 3122
4185 142
1992 3795
2932 7876
4388 3951
422 7839
3540 8871
7140 7653
3494 2884
5234 4816
1986 3231
14 9178
2206 9430
321 6316
6547 7022
8624 2564
7291 7680
2859 53
496 6023
1266 8293
3603 7743
391 6786
62 6440
995 2329
536 8948
522 8451
354 4284
403 535
286 4842
2850 3092
5208 1559
9667 6169
1725 1800
3978 7333
50 2920
6678 8456
110 1930
898 1098
2530 7958
5199 5936
3494 9583
1138 378
597 2563
986 4741
1940 9151
3356 959
1390 4453
1097 4453
6201 5401
2312 7942
5256 1153
106 3799
1284 7302
176 4523
2208 9503
453 9786
4882 1820
5656 8368
9792 6933
2590 5745
5250 7212
62 2290
1592 8553
5283 3350
2639 2710
3781 4899
724 1872
9085 1665
501 8148
337 5662
2321 2976
1938 2455
2160 5673
1616 9189
6402 2785
210 4441
3380 7110
6100 2453
9193 3101
44 2993
1622 7574
411 7367
2588 2498
1721 5265
522 5237
2311 5591
2698 6462
6212 7979
980 3474
3796 1000
545 5964
1042 588
364 1141
2191 806
8547 1234
279 7614
2934 9116
7220 6290
1858 202
7070 85
1040 1758
3045 9016
2320 625
3260 6858
1 7126
7337 5186
312 4645
5778 7703
8209 4047
6041 9010
644 8464
4707 1653
3203 5818
2041 2380
2729 8683
2516 1478
8640 2723
3304 1701
599 6842
2784 3867
4827 6019
209 2593
778 9019
9551 6972
1530 263
795 7960
7914 3190
2864 3580
413 9161
2901 5911
1457 7821
1347 3019
280 2236
1247 8990
4774 4217
7690 794
4915 4528
1461 1368
6385 4059
672 167
9231 6123
6649 1931
9437 4311
1998 4692
3689 188
5986 3087
1546 3741
2343 4740
1168 3023
1501 3093
7522 8508
1512 8431
787 34
4115 6828
8 1572
1007 9762
8320 8612
125 4391
236 9646
138 1291
803 3835
6357 187
7438 453
7598 1720
8725 6121
37 1488
468 8725
793 9150
840 6771
4340 5854
1393 1687
5960 7268
5786 4190
3004 1488
4085 615
2422 722
4168 5712
869 6995
3014 1439
373 9916
24 8688
9692 6393
1561 1758
3852 1312
2203 29
772 5387
2929 209
5626 3098
327 5038
8770 4408
155 4112
1894 298
992 3518
7801 9942
4157 3351
255 5577
673 9922
767 6061
729 3486
834 3067
76 7863
2796 8747
714 7021
4412 9488
1019 1152
9831 2432
1769 2531
3519 2453
2296 4839
8538 9459
8432 381
375 167
7815 9060
2072 7406
1282 3696
1590 8341
3790 131
5324 6502
1523 4474
35 5621
5029 222
999 9214
380 2588
5178 8344
176 2845
2896 1513
5125 5254
1047 5525
1895 6992
3026 4030
2850 1957
472 375
3137 1863
2896 7338
1191 2304
242 9425
7049 636
1159 1664
3102 4725
4324 6164
6526 2896
2880 6705
7459 8161
1035 5908
130 7429
3233 1713
1885 2497
4400 3691
334 8710
50 5362
3804 9965
4070 9139
3007 4116
588 1999
289 6476
1550 7761
8118 108
2347 4765
3953 3263
2529 4638
4361 9772
305 3654
6653 6718
3258 8139
4942 2915
1960 8222
2257 6732
169 134
1716 8621
2826 3661
9025 1976
332 1320
362 3249
1015 2008
715 8056
602 9357
1535 7120
672 1664
1033 6172
4091 7659
4339 4821
1123 5763
1427 6288
3232 7502
1013 1383
4813 9179
3977 4117
4264 9940
3387 2427
760 9263
3405 5564
1928 8202
1762 4507
3368 2015
3252 5491
560 3131
1737 486
1259 1763
4652 8374
190 4157
1658 9569
3531 1253
508 7011
1576 7602
4657 9144
3494 2961
523 1535
1544 3909
1768 6525
2687 1390
931 7588
3611 8917
3025 3783
9220 5471
6456 3541
661 6073
6469 2699
5363 4355
1715 9316
78 9397
756 6962
376 1066
2197 1417
1486 8348
2081 8008
4027 7041
1120 5994
1267 575
1740 860
245 8215
2268 3641
5640 3597
2216 7301
1294 9047
1107 949
5575 938
803 5430
830 2184
1385 1676
4018 3676
1077 8063
1317 1043
5899 6131
7217 338
3004 2677
9811 8847
1564 2360
2696 3570
8413 5304
197 7433
553 6790
2587 8386
1837 5831
3818 5721
2538 9530
184 1771
2482 857
1105 6220
2176 6327
7996 5923
4736 2094
4533 8408
1008 4168
338 9591
508 4948
679 5968
364 2209
1690 3586
3481 278
7515 5150
3183 5338
1261 5997
2826 890
7673 3925
737 4587
762 9816
2700 5604
4528 2514
6431 895
4092 145
6443 1939
9439 5179
418 6917
2840 9218
1468 3327
2737 5989
9335 9958
3034 6143
9149 4745
4298 6881
1751 2032
3537 7246
1872 2059
7754 2771
369 1304
1234 4321
2404 5533
6358 7055
1574 689
2319 5106
1597 3917
4209 6830
300 234
1672 2947
1223 579
2137 6024
698 3322
6053 504
434 4644
4129 8971
3397 8404
8946 6880
2255 4577
8690 1449
1723 7706
4451 537
1364 100
4324 3327
204 9297
6351 6341
4414 3849
2568 3614
769 8103
897 2114
2006 2897
8564 2260
1334 462
2890 4483
5418 3577
1250 1671
1906 6654
3774 3492
6038 4447
482 584
2881 309
8 362
1406 4633
1219 8459
3715 1201
1019 583
377 4617
1508 3187
8885 146
919 9106
7451 7098
5076 9449
2643 4083
5123 5160
987 9
4307 3103
1041 6200
1291 401
7658 6458
1633 3894
817 328
1080 7855
2360 5120
7150 9254
145 5682
102 9251
273 1491
31 4656
2313 782
549 6299
3240 7009
2235 5447
828 6572
208 6964
6152 6268
8116 3194
2600 8913
2180 8808
7621 8602
2044 2627
3314 5615
2330 1809
4357 6372
9803 8340
4159 3224
3420 7807
2253 1572
1859 8868
473 3158
2886 7706
3813 1072
9983 5322
3533 5613
2355 9695
5373 7855
3288 8725
9087 3193
7919 6251
1437 4962
8124 403
429 1136
1095 2369
5841 153
6098 2521
2398 5829
8124 3051
482 3643
6966 7786
1329 8567
